9.93
9.44
11.27
12.76
10.44
12.23
10.40
12.23
10.37
10.51
10.06
13.10
11.34
10.39
12.13
10.31
9.70
11.14
12.09
12.51
9.38
9.63
8.37
11.34
10.12
13.13
12.27
11.19
12.90
10.38
10.57
11.74
10.14
10.85
10.26
11.38
10.11
11.37
9.22
11.35
11.49
10.97
9.63
11.26
10.03
13.07
8.34
10.39
9.79
10.20
9.96
9.14
9.19
8.94
8.61
11.66
9.80
11.05
11.91
12.75
12.13
12.34
11.91
9.58
9.18
10.88
9.35
10.35
10.32
10.30
10.03
10.31
8.38
9.00
10.20
10.04
10.78
10.72
11.46
10.65
13.46
8.98
11.62
9.44
9.54
11.75
10.64
10.35
11.71
9.44
10.55
12.11
10.22
10.06
10.33
11.26
9.59
14.19
12.02
11.67
11.33
8.98
11.63
10.71
11.48
13.57
10.36
11.31
9.98
8.86
11.02
11.62
10.00
8.36
10.73
10.64
12.52
10.22
10.00
10.59
9.30
10.44
11.88
9.74
12.23
10.88
9.70
12.43
9.60
9.07
9.84
10.34
9.32
11.46
11.08
9.97
8.45
11.11
11.13
9.94
10.05
9.74
9.05
11.58
9.78
12.02
9.98
9.36
11.88
11.44
9.81
11.38
10.70
10.78
12.60
13.24
12.69
10.76
8.78
9.97
9.73
8.98
13.00
9.89
8.29
11.07
10.55
13.65
9.97
10.76
13.70
11.36
12.41
13.51
12.66
9.92
13.71
8.38
9.19
11.05
12.45
11.63
10.29
10.82
11.21
9.33
10.12
10.23
10.81
9.29
11.30
11.71
12.35
9.41
11.11
12.36
10.60
10.61
11.19
10.31
10.98
10.69
9.97
9.00
11.87
11.49
8.56
10.48
11.55
11.87
11.57
9.71
11.00
11.11
10.90
11.40
9.84
8.65
9.82
9.05
9.65
9.86
11.04
11.01
9.50
9.41
12.29
11.06
11.04
12.17
10.64
10.18
11.32
10.29
8.86
11.06
12.19
9.55
12.71
12.29
12.15
11.03
11.71
8.94
9.69
10.28
10.18
13.73
11.29
11.11
10.68
9.24
11.37
12.49
11.93
10.06
10.49
12.34
