12.26
10.72
10.67
9.91
10.87
11.20
11.78
9.34
10.55
10.18
11.44
10.28
11.74
11.05
11.57
10.52
10.55
11.02
12.58
9.38
8.97
9.01
11.57
12.04
9.83
10.15
9.97
12.77
8.44
10.32
10.29
11.22
11.12
8.80
11.80
9.40
9.75
12.55
10.49
13.20
9.67
10.91
9.28
9.94
8.46
11.09
10.08
9.89
8.17
9.00
8.95
12.90
11.97
10.61
10.39
10.93
10.83
12.25
9.09
10.03
13.92
13.31
10.61
14.45
12.71
10.56
10.47
10.15
9.75
11.82
9.13
12.51
13.22
10.03
10.75
11.19
11.68
12.22
11.97
13.10
10.91
11.25
9.61
11.86
13.91
9.82
10.84
10.49
10.73
9.84
11.89
12.49
12.71
10.95
13.03
10.43
9.89
11.81
14.06
13.22
10.73
10.45
11.21
9.75
10.36
10.68
9.95
10.56
9.62
12.80
12.26
9.85
9.97
8.90
10.16
12.19
11.19
9.71
11.80
11.15
10.06
10.90
10.87
11.38
10.29
9.72
11.25
9.02
9.77
10.57
12.49
9.70
9.88
10.87
11.88
13.60
11.01
12.76
10.44
13.53
10.21
10.73
8.56
10.68
12.59
13.80
11.95
9.67
14.85
9.30
9.39
10.66
8.38
9.00
13.05
10.08
10.19
11.07
9.68
12.43
11.47
10.11
12.35
11.28
12.96
11.11
11.20
10.18
12.04
9.62
9.92
8.88
9.71
9.47
11.53
9.86
10.16
11.11
10.93
11.29
11.53
10.61
10.29
12.26
12.09
12.34
11.46
12.23
10.70
12.89
9.89
10.38
10.27
8.77
13.42
12.69
9.30
11.17
12.00
10.07
11.06
9.81
10.57
10.22
13.25
8.60
10.15
11.36
14.87
10.26
10.25
9.82
12.08
11.31
8.27
11.92
10.27
8.74
11.09
11.90
11.61
10.31
12.91
10.20
9.34
9.74
10.29
9.51
8.92
10.46
12.21
10.97
11.43
10.73
10.51
9.97
9.35
9.24
9.59
11.96
11.09
11.12
9.59
12.37
10.97
7.45
13.63
11.88
9.75
10.53
9.81
9.51
10.76
11.18
11.98
9.59
9.35
11.72
12.02
9.65
9.81
12.08
13.75
8.89
10.93
9.01
13.36
10.25
11.68
8.84
10.12
13.14
12.31
12.24
10.08
11.09
12.07
10.04
14.06
11.60
11.57
10.89
10.53
9.63
12.38
11.22
10.55
9.71
9.84
8.94
10.64
10.99
9.75
15.07
11.11
10.82
10.89
11.53
11.41
9.80
11.89
9.62
12.78
11.83
10.84
10.56
10.97
9.11
12.48
13.40
13.11
9.72
9.92
12.62
9.90
10.29
9.57
10.46
8.85
11.25
13.38
9.11
11.70
11.84
11.78
13.25
10.61
8.37
10.31
10.46
10.64
11.16
10.93
13.39
11.59
9.89
11.17
10.95
8.66
13.83
12.24
10.46
12.76
12.03
11.34
12.77
10.39
14.18
13.82
11.09
7.60
11.74
12.02
8.69
11.18
12.45
10.83
12.29
9.11
11.79
10.33
10.88
12.25
10.69
11.06
12.16
8.81
10.79
13.72
9.98
10.63
9.60
8.96
11.25
10.54
10.32
10.58
8.66
10.89
12.18
12.03
8.99
10.39
12.15
10.53
9.94
11.52
9.35
10.35
11.32
10.41
12.35
9.07
12.93
10.06
11.62
12.21
9.33
11.40
10.93
9.37
9.18
9.79
11.46
11.10
12.61
10.02
10.86
9.96
10.90
11.94
11.89
12.63
12.00
12.15
13.61
11.79
10.02
11.24
10.27
11.13
9.36
10.18
13.32
11.75
11.15
10.66
9.91
9.85
9.82
8.40
13.76
13.80
8.55
9.34
11.30
10.89
9.98
11.10
11.00
11.81
10.30
11.43
9.60
12.18
9.38
11.27
8.34
10.38
10.24
11.03
10.06
10.03
9.66
10.36
11.22
10.75
13.89
12.34
9.81
11.41
10.62
11.99
9.06
10.30
11.66
9.37
12.80
10.66
10.71
12.55
10.96
12.46
10.47
12.78
11.41
11.12
10.45
12.17
10.07
9.99
14.21
9.10
11.88
11.24
10.27
8.57
12.57
9.36
9.73
13.08
11.11
12.14
12.54
11.05
10.05
13.21
11.48
10.25
10.62
10.36
8.49
10.43
12.09
9.55
8.52
10.00
12.14
10.43
9.59
10.77
11.15
10.96
12.23
9.52
11.82
10.51
10.22
9.73
11.84
9.77
11.90
10.52
11.22
7.11
9.26
11.53
9.38
11.13
10.28
10.04
10.20
8.51
9.63
8.42
9.14
12.11
9.74
12.64
10.43
11.25
10.21
10.11
11.83
9.71
8.34
10.37
10.24
10.50
9.75
11.65
9.25
10.57
12.38
10.57
8.94
10.39
8.73
8.86
8.88
12.75
12.69
12.31
11.76
11.24
11.80
12.21
12.74
11.51
9.23
9.99
10.58
10.31
11.00
10.11
9.49
10.75
11.50
11.20
10.35
9.74
10.04
9.83
12.25
10.12
10.77
8.52
10.05
10.37
10.64
10.28
11.05
10.73
11.11
10.61
10.61
12.34
12.00
12.71
9.03
11.42
9.12
13.90
9.62
11.40
11.04
10.19
10.91
10.35
12.13
11.01
12.78
11.95
8.95
12.00
11.82
12.09
10.10
9.87
11.56
12.08
9.63
9.91
10.01
11.76
10.43
12.36
11.19
16.41
10.19
16.24
14.54
11.64
11.49
10.19
9.55
9.55
11.02
10.68
9.64
9.49
10.53
12.76
10.22
9.64
10.94
11.40
11.71
12.85
10.30
9.71
9.21
10.95
12.91
12.81
8.99
9.62
11.13
10.03
8.93
10.83
11.90
9.93
9.79
10.50
12.52
10.83
10.35
9.34
10.64
11.56
11.81
9.15
12.10
12.21
11.38
12.63
10.83
14.17
9.80
9.44
10.15
11.80
10.01
9.44
10.29
9.92
9.66
9.21
11.05
11.16
14.05
9.98
12.46
8.39
9.85
9.43
11.04
11.18
8.11
11.51
11.76
9.06
9.97
11.10
12.39
10.20
10.81
11.54
11.63
9.41
10.74
10.99
10.62
13.02
12.34
10.57
9.76
11.99
11.41
12.27
10.09
9.76
11.44
11.54
11.20
10.98
9.79
11.68
11.77
11.12
9.35
10.87
10.59
12.48
11.62
10.66
9.79
10.72
9.72
11.56
12.40
10.26
10.22
9.45
11.40
9.83
10.11
11.35
11.38
8.26
11.41
9.14
11.31
11.61
12.64
9.26
13.27
12.15
11.48
10.97
11.38
13.42
11.86
12.07
12.67
10.74
10.32
12.58
11.91
10.78
9.00
10.11
9.35
8.57
12.36
10.83
11.80
11.87
12.55
10.49
12.37
13.01
10.16
10.38
9.95
11.35
11.53
9.36
12.54
12.31
12.59
11.21
10.25
10.42
14.63
23.77
14.46
16.64
14.75
13.47
14.26
13.56
13.21
14.81
11.83
10.44
14.10
11.77
15.43
11.95
13.77
15.68
13.04
12.02
12.86
13.18
13.96
12.85
12.85
11.39
9.52
9.69
10.31
11.67
11.36
8.24
10.92
9.28
13.04
11.14
10.80
7.09
10.36
11.68
11.18
11.29
12.62
12.14
7.44
15.03
9.94
9.67
9.42
11.91
11.51
10.85
12.89
9.59
9.38
9.50
9.63
11.66
12.05
10.69
11.20
11.76
12.84
11.96
11.76
9.97
9.56
11.01
8.76
10.61
10.59
12.75
10.55
12.42
8.99
10.22
11.11
11.18
11.26
10.12
11.25
11.19
12.72
11.30
10.87
11.47
10.67
10.12
10.36
10.63
9.95
10.22
12.19
10.67
10.03
12.15
12.99
9.51
14.82
11.32
11.96
14.20
11.12
10.68
10.97
9.86
11.91
10.38
13.57
10.77
14.14
10.40
10.80
10.37
11.17
9.70
13.95
9.16
10.79
13.03
9.88
11.48
11.31
12.15
10.11
13.25
10.35
11.32
11.89
10.39
13.33
10.46
11.11
9.50
11.79
9.36
10.80
11.84
11.63
10.97
10.29
9.69
11.52
10.59
11.56
12.83
11.20
12.31
13.23
13.52
11.34
12.03
13.53
10.41
10.63
10.50
11.08
10.04
11.08
10.45
10.48
12.49
9.46
12.05
12.91
10.42
11.05
9.94
11.99
10.78
9.07
14.75
12.62
10.99
9.58
12.41
14.49
9.84
11.81
10.59
9.95
12.89
12.92
10.59
11.12
10.41
13.34
9.43
11.02
9.05
10.66
10.47
11.68
12.26
13.39
13.30
12.46
13.33
9.64
9.93
13.02
10.74
14.16
12.46
11.89
11.19
10.00
10.18
15.52
8.62
13.08
12.38
14.07
10.47
8.74
12.19
12.08
11.92
10.08
11.27
10.52
9.88
10.60
11.50
11.75
10.27
12.21
10.92
13.34
9.57
9.13
10.82
10.35
12.14
11.23
11.54
9.94
12.42
11.43
13.50
11.81
10.24
10.95
11.56
11.26
10.02
11.42
11.94
8.22
9.98
11.35
12.88
9.73
13.10
11.50
12.74
10.80
14.46
9.90
10.78
11.19
10.49
11.45
12.26
12.08
12.29
14.60
10.04
9.94
10.36
9.29
10.96
9.81
12.04
10.05
12.28
9.39
10.53
11.26
10.57
13.37
12.16
11.35
9.64
12.77
10.43
12.64
8.23
11.70
11.70
10.71
11.73
10.09
10.73
13.96
12.72
12.00
11.89
10.68
12.96
10.61
10.43
13.64
13.72
10.41
14.08
10.29
9.14
10.75
11.07
13.35
9.59
9.32
11.10
10.60
11.85
9.94
10.99
9.07
10.41
11.86
10.35
10.45
9.50
10.13
12.45
10.59
12.76
9.65
11.81
11.56
10.82
10.06
11.32
12.48
13.27
10.15
11.94
9.25
8.17
12.00
10.44
9.60
9.63
9.79
8.21
9.59
11.31
10.75
10.47
9.94
11.18
11.51
11.49
11.50
10.32
10.25
11.45
10.61
12.34
14.12
10.26
11.42
9.65
9.44
11.71
8.01
11.34
10.79
9.21
8.42
8.60
10.35
10.99
11.26
9.94
8.59
11.55
11.35
9.81
8.39
11.01
9.08
11.91
10.41
8.43
12.18
10.11
9.10
8.39
10.97
11.11
11.31
11.18
13.28
9.83
9.77
11.09
11.25
9.32
11.41
9.27
13.90
10.35
12.42
10.74
8.47
10.02
12.16
11.80
10.18
11.10
10.67
10.97
11.33
9.99
9.09
8.53
10.51
9.95
10.61
10.07
9.83
9.83
9.05
11.19
10.69
10.87
11.52
9.03
9.09
8.63
11.30
12.19
12.42
12.58
10.04
10.23
9.97
11.38
10.24
9.56
11.32
11.77
10.84
10.36
10.76
8.79
10.35
10.34
10.11
12.52
10.65
8.08
10.22
11.01
11.64
9.44
9.08
9.97
11.64
9.20
11.23
9.25
12.65
10.50
11.25
11.11
11.24
8.55
11.14
9.72
10.79
10.58
9.48
10.60
11.80
11.11
13.30
12.80
12.11
12.48
10.34
11.59
10.06
10.42
11.23
11.04
11.36
10.37
7.97
9.12
11.04
10.17
10.16
11.50
9.40
9.61
6.72
9.06
10.20
9.98
10.72
11.57
9.59
10.39
12.28
12.67
12.22
10.55
12.71
11.09
9.60
11.07
9.42
10.13
11.88
12.40
8.75
7.99
10.64
12.02
9.61
12.29
9.99
10.57
12.52
11.44
8.29
8.90
9.14
9.16
9.43
10.40
12.42
10.33
11.61
12.45
9.75
11.89
11.15
10.96
9.82
10.77
10.42
11.71
12.10
10.82
9.93
12.36
9.45
11.91
10.50
12.92
11.10
12.09
10.13
10.24
10.67
12.79
9.27
11.17
8.62
11.31
12.67
10.87
10.49
10.38
10.92
12.79
9.74
10.56
10.60
10.24
12.02
11.71
10.37
9.79
10.00
10.90
8.65
11.71
9.86
10.51
11.30
12.71
9.73
9.78
10.38
9.82
10.09
9.86
8.96
9.21
10.98
10.48
11.09
11.41
12.13
11.49
10.92
10.92
8.98
10.55
8.73
10.66
11.69
13.34
9.34
10.89
10.53
11.11
9.79
10.22
9.49
12.25
12.16
9.92
10.76
13.89
9.73
12.92
10.32
11.01
11.33
11.99
9.45
8.42
12.24
11.09
11.66
11.23
10.69
10.70
9.10
10.84
12.62
11.38
11.88
12.92
11.14
11.96
10.88
11.84
13.94
9.93
9.86
11.66
13.72
11.93
10.39
11.67
10.36
13.00
10.71
12.75
13.40
13.48
9.77
10.18
9.62
11.38
12.47
10.50
16.99
12.67
11.72
10.38
9.44
10.02
11.90
14.44
11.94
12.49
10.98
10.54
13.45
9.58
11.98
12.02
10.79
10.33
11.33
10.82
11.34
10.11
14.09
8.73
10.08
10.22
9.83
10.37
11.12
11.10
9.13
10.65
11.78
11.66
11.27
10.74
9.20
11.05
10.56
10.54
11.51
10.43
11.46
11.20
8.39
11.94
11.31
9.18
11.21
13.99
12.95
12.10
13.09
12.50
11.35
10.27
12.04
11.77
8.89
11.08
9.89
10.87
12.24
11.87
11.46
13.83
11.35
10.97
9.22
10.27
10.20
9.93
8.82
11.09
12.41
9.30
11.93
11.49
11.20
9.62
10.85
10.82
9.84
12.44
12.66
9.34
10.40
10.47
8.62
11.15
13.19
10.73
8.81
8.60
11.11
10.59
11.54
10.50
11.27
11.03
10.40
12.44
11.34
11.15
12.27
11.55
11.44
9.40
11.48
9.73
10.60
10.56
10.12
9.89
12.94
13.15
11.23
9.71
11.36
10.31
13.26
9.14
13.98
9.85
12.11
10.02
9.58
10.17
9.77
9.66
10.11
9.35
12.06
8.67
10.54
10.17
12.99
9.33
10.41
11.62
11.28
12.66
10.61
8.70
11.97
11.94
10.43
9.80
8.53
13.71
12.06
10.04
9.99
11.16
13.30
11.09
11.57
11.31
12.82
7.78
10.92
10.43
10.31
11.25
10.59
13.24
11.76
9.03
9.57
12.04
12.73
12.95
12.26
11.01
9.20
10.75
10.14
10.92
9.23
11.17
13.12
11.13
9.52
11.91
10.90
10.25
13.51
13.99
12.09
12.05
13.41
13.27
8.33
8.40
10.33
12.10
11.72
10.30
11.01
12.96
10.39
11.24
12.18
11.42
10.26
13.26
12.77
10.61
7.94
10.05
13.12
10.56
10.08
11.26
10.71
12.07
11.11
14.65
13.84
10.70
10.96
11.26
12.35
9.67
11.26
12.27
9.14
10.03
8.51
12.88
9.61
11.44
10.70
9.00
10.15
10.85
10.16
9.98
12.25
11.30
8.11
11.25
12.69
8.35
8.35
9.91
10.92
11.97
10.09
11.36
11.16
12.07
11.81
12.35
10.66
12.37
9.06
10.49
10.87
10.28
11.52
11.05
10.83
11.39
7.79
11.88
12.18
11.40
12.80
13.30
8.45
10.29
10.05
11.45
10.27
11.97
9.13
9.47
9.53
10.89
10.00
11.30
13.20
10.42
11.08
11.92
11.34
11.53
11.91
10.50
10.17
9.94
12.20
10.88
10.09
9.13
11.29
10.35
9.52
11.68
11.59
11.05
12.20
8.52
8.30
13.29
9.47
10.95
10.09
9.60
9.87
10.88
8.82
10.81
9.43
11.64
12.54
11.02
10.03
10.64
11.07
9.61
10.71
11.06
11.73
11.70
10.00
8.72
12.54
15.01
10.91
8.99
9.78
11.54
10.31
11.12
10.57
11.05
9.53
12.12
8.88
12.49
9.72
10.71
10.55
10.67
10.39
11.35
11.88
10.16
11.16
10.23
10.84
11.86
11.76
9.91
11.82
10.18
11.72
9.42
9.93
9.30
10.01
12.32
10.72
10.69
12.28
9.84
11.31
10.06
12.97
12.36
10.48
12.37
13.76
10.48
12.43
10.22
13.04
11.37
10.40
12.02
10.77
14.18
13.49
12.06
9.76
11.40
10.80
12.24
12.07
12.33
13.01
12.97
9.52
11.52
13.22
10.65
10.33
11.80
10.05
12.98
8.30
14.19
11.99
8.75
10.86
12.33
9.35
12.25
11.10
11.94
9.60
12.07
10.46
8.48
12.37
10.49
12.15
10.86
11.83
10.90
13.22
9.72
10.31
11.67
10.52
9.96
15.47
11.14
10.72
11.45
11.43
13.33
9.44
10.12
11.01
12.16
10.76
11.27
9.66
12.15
13.08
11.70
10.10
10.78
12.02
10.73
9.49
13.16
11.18
10.93
10.71
12.79
10.40
11.58
12.47
14.99
10.28
9.37
12.54
9.94
10.81
12.67
10.02
12.46
11.30
11.35
9.47
9.72
11.02
10.36
10.61
9.83
11.57
13.98
12.81
11.36
11.74
11.60
9.42
8.84
9.35
11.37
10.00
10.49
9.69
11.13
9.33
10.82
11.69
11.32
12.26
12.39
11.58
13.68
11.31
12.84
13.92
9.94
11.81
11.57
9.61
12.93
9.83
9.13
11.80
9.73
11.08
14.51
8.16
10.75
12.13
10.09
10.35
10.97
13.71
11.82
12.00
10.57
13.94
10.25
11.29
14.34
11.78
12.09
11.79
11.13
10.30
14.41
11.15
8.40
13.62
11.02
12.22
9.84
10.02
10.45
14.77
15.01
12.81
9.61
13.38
11.34
10.30
12.65
12.23
11.20
11.96
13.15
11.13
14.78
8.59
13.23
10.13
10.33
11.23
9.52
13.70
14.02
11.66
12.27
9.69
12.48
11.08
10.24
11.05
8.69
10.77
11.82
10.22
9.00
11.68
11.13
11.25
12.33
9.85
8.70
9.56
10.71
11.89
10.79
13.05
9.82
9.27
11.19
8.86
9.41
10.35
9.43
10.00
11.73
10.96
12.58
11.21
11.23
10.41
8.06
10.00
11.52
9.48
10.69
10.53
10.97
10.93
8.13
12.48
11.17
11.80
9.13
12.07
10.53
11.55
11.30
13.55
11.42
12.91
11.81
14.76
10.64
11.24
11.19
11.39
13.06
11.97
14.10
11.68
11.70
9.55
10.39
11.76
11.53
10.85
10.95
13.42
9.44
11.21
10.44
11.47
11.32
11.36
12.41
10.38
10.83
13.55
11.32
13.92
10.32
12.37
7.63
11.30
12.72
9.89
12.65
10.85
11.33
9.15
10.11
12.19
12.41
10.97
11.83
11.62
9.75
11.18
10.54
11.85
10.84
11.36
9.68
11.59
10.61
13.04
8.25
10.89
7.81
12.34
14.22
10.39
10.09
12.15
9.60
11.31
9.71
12.82
9.42
9.53
9.67
9.26
9.77
10.58
10.71
13.05
10.08
11.87
10.85
13.65
9.63
12.37
12.15
10.69
11.76
11.20
12.18
11.73
13.67
11.94
13.00
11.33
11.20
13.09
10.32
10.98
11.56
9.43
11.59
9.89
10.43
11.95
10.85
11.62
8.30
13.14
11.08
9.77
9.62
11.99
12.28
10.47
10.72
10.79
12.98
12.35
11.68
9.87
10.14
11.26
11.25
11.11
10.26
10.44
10.21
9.59
12.95
11.08
10.86
13.22
12.48
11.95
10.68
9.39
11.07
12.07
10.99
10.43
10.77
11.07
12.38
9.69
11.77
10.99
14.08
10.36
10.70
11.64
9.52
9.55
11.75
11.50
9.82
12.56
12.36
10.36
10.14
10.69
10.18
10.57
10.73
10.88
9.81
9.00
11.46
9.48
11.03
12.26
12.50
10.33
11.92
12.86
10.76
10.81
11.97
11.51
9.72
9.41
10.83
10.14
11.75
11.58
10.21
9.16
10.37
9.44
10.40
13.57
10.30
7.71
10.03
10.03
11.02
14.63
11.95
11.25
9.08
11.42
13.47
11.18
9.23
10.23
11.39
12.73
11.46
10.35
10.60
10.62
14.32
10.88
9.16
8.62
8.74
10.28
9.94
12.98
12.12
10.60
10.27
10.27
11.33
10.16
12.66
13.80
12.93
10.73
12.33
9.66
13.88
11.85
11.13
10.52
9.02
12.27
12.24
9.44
13.51
10.63
10.93
9.96
13.13
12.25
9.96
10.44
10.83
11.50
10.36
12.02
9.43
13.29
11.43
12.63
13.05
13.31
11.96
11.52
10.39
11.34
10.71
12.85
12.03
10.59
11.57
11.46
9.59
12.36
11.78
10.40
12.16
12.92
10.05
15.12
9.37
10.77
9.41
10.28
12.46
9.63
10.59
10.97
12.66
10.26
11.25
11.79
9.44
13.57
10.93
10.42
9.56
10.61
11.87
12.82
9.72
9.18
13.02
9.28
11.29
12.23
11.50
11.19
11.71
11.33
11.52
9.21
9.36
12.67
10.26
13.25
12.32
9.53
12.35
10.25
11.29
9.35
8.97
10.32
11.30
9.51
10.28
9.49
13.10
9.76
11.65
9.54
9.68
12.82
9.58
10.05
12.44
8.87
10.73
13.75
10.36
13.27
10.40
11.19
12.41
9.61
12.35
9.06
9.79
15.98
11.10
10.34
11.56
12.31
9.79
12.01
11.76
10.30
12.78
14.91
13.88
12.07
9.65
10.67
10.09
10.42
11.93
11.20
11.49
11.06
12.68
13.28
11.13
9.99
8.98
10.68
10.93
12.40
10.47
10.95
12.41
10.50
10.39
10.59
11.09
11.37
9.55
10.83
10.38
10.03
11.38
10.27
10.68
12.28
11.77
10.62
9.94
9.85
11.71
11.47
9.20
11.98
10.56
9.31
10.98
11.96
13.87
10.52
11.22
11.93
10.74
10.81
13.77
9.65
11.09
12.37
11.92
10.60
9.98
10.80
10.43
10.74
10.04
11.98
9.05
12.06
11.07
12.75
11.66
11.08
11.48
11.57
12.11
11.75
9.39
10.65
9.61
13.50
12.78
12.95
11.30
10.76
11.49
10.51
10.73
13.75
9.69
12.49
11.27
13.10
10.00
12.19
10.89
11.63
13.93
12.20
11.16
8.50
11.36
12.69
11.79
11.86
11.16
9.06
12.13
9.53
10.18
10.12
11.37
12.90
10.63
10.52
9.41
10.97
8.76
12.85
10.81
11.87
9.16
9.43
10.43
9.37
10.45
10.96
11.96
11.96
10.96
8.04
10.01
10.25
12.08
10.62
9.97
9.24
10.89
10.67
11.82
11.84
12.12
9.61
11.86
10.26
11.71
9.22
12.60
8.37
10.02
10.29
12.07
9.92
11.12
11.21
12.06
11.07
10.97
10.75
12.79
14.03
12.84
10.68
9.36
10.50
13.15
10.68
9.25
10.90
10.15
11.67
10.69
9.50
11.26
10.03
10.17
9.18
13.29
11.15
8.97
11.42
10.08
11.84
10.58
11.76
11.84
9.02
10.67
11.68
8.47
10.66
8.84
11.35
9.66
10.65
11.01
9.48
11.34
11.37
11.20
10.71
12.02
13.76
13.47
9.18
9.94
10.79
11.07
9.11
9.32
11.15
12.76
9.74
9.40
11.52
9.31
10.12
10.17
9.76
9.46
9.65
10.56
10.75
10.16
12.45
11.42
9.39
11.35
9.03
10.03
12.01
9.40
10.33
9.74
9.49
10.54
11.77
10.29
11.95
8.55
10.04
10.38
8.07
10.46
10.32
13.45
10.93
13.58
12.23
9.41
14.49
10.56
10.26
12.58
13.91
11.74
9.54
11.25
10.39
12.02
11.32
10.55
7.54
9.41
12.62
12.41
10.48
11.38
8.75
11.71
11.66
11.37
10.68
11.28
11.76
10.72
10.40
8.98
9.13
9.51
10.13
9.93
10.52
9.49
10.25
9.94
10.21
11.05
12.39
11.12
10.22
9.71
10.56
10.86
9.58
10.34
12.22
7.08
11.02
10.42
10.94
9.70
10.34
10.30
11.01
9.09
10.57
8.59
10.46
10.29
8.86
10.30
9.46
10.68
10.46
10.13
10.93
12.99
10.81
9.50
12.55
10.74
10.06
9.65
12.83
9.98
11.78
9.79
9.98
10.57
10.09
11.81
8.29
10.08
11.89
11.12
13.17
11.01
10.78
10.79
9.50
9.62
11.13
13.07
9.35
11.20
9.41
10.85
11.39
9.30
11.36
9.77
13.90
11.19
9.95
9.66
9.37
10.64
9.46
10.22
10.87
11.74
8.66
9.64
11.14
11.68
12.00
10.32
11.85
11.08
9.80
11.95
11.38
12.48
10.38
11.84
11.77
10.87
9.37
10.05
10.05
12.25
8.74
10.01
10.43
11.76
11.09
10.64
11.39
11.91
10.97
10.16
11.94
11.98
12.25
10.76
9.56
10.39
9.96
10.95
10.00
10.60
10.37
10.92
12.65
10.33
11.79
8.51
11.70
13.68
11.86
11.45
12.90
12.13
10.51
10.98
9.97
12.44
14.51
10.08
10.50
9.88
11.41
10.88
9.96
10.24
10.90
12.83
16.04
12.53
10.66
12.83
11.79
11.81
10.63
11.73
10.14
11.39
10.98
11.48
12.42
11.21
10.53
13.62
10.63
11.19
12.30
10.03
10.63
11.98
10.20
11.93
10.84
8.57
8.79
9.37
12.98
12.01
11.44
9.16
10.92
13.06
9.23
11.94
12.61
10.40
11.60
10.96
11.60
13.39
11.39
9.93
11.59
10.93
9.72
9.89
13.22
12.08
10.71
9.75
11.59
10.57
9.87
12.31
11.26
10.79
10.46
13.90
9.12
10.79
12.54
12.33
10.27
10.23
9.05
10.09
13.91
10.01
11.49
11.62
11.78
14.23
7.67
10.31
10.22
11.61
9.20
11.14
9.66
12.60
9.89
12.97
11.83
11.91
11.86
12.23
10.27
11.01
10.57
12.80
8.60
12.35
11.40
14.05
10.77
11.88
11.39
10.82
9.66
11.23
11.78
10.74
13.38
9.56
10.00
10.60
9.90
12.19
14.65
11.70
9.57
12.81
11.07
12.90
11.76
9.33
9.88
9.42
13.39
10.86
10.11
13.78
10.54
9.65
9.92
8.10
10.32
9.49
13.27
11.44
10.81
11.48
10.80
10.60
11.53
10.19
12.13
12.45
11.45
9.08
10.05
10.21
12.29
9.02
9.78
9.94
9.76
11.83
10.45
10.16
11.28
10.57
11.15
11.27
9.01
7.24
9.72
10.34
9.59
9.89
9.20
10.56
9.20
9.93
8.69
9.91
11.46
10.10
9.38
11.00
8.11
10.82
10.33
10.76
13.64
10.49
11.10
11.98
11.12
8.78
12.20
10.98
11.31
11.36
12.18
9.36
12.73
11.14
9.29
9.71
11.62
9.38
11.11
10.55
10.93
9.04
12.14
9.83
10.37
15.09
11.37
13.24
10.51
10.43
13.37
12.43
9.83
12.57
10.24
11.23
10.44
11.61
11.16
9.18
10.27
13.09
9.97
10.29
8.91
10.71
11.18
8.25
11.21
11.88
12.08
10.01
11.98
10.06
12.74
12.60
11.64
11.18
11.65
9.94
10.68
9.86
9.51
10.69
11.91
9.84
10.30
10.77
11.49
9.96
9.59
9.02
10.12
9.55
10.82
11.43
11.90
11.94
10.98
10.65
12.98
12.01
9.75
10.17
8.62
11.54
10.42
9.29
9.87
11.46
8.67
10.38
11.86
11.80
9.84
9.50
10.01
11.97
9.79
10.07
10.93
13.05
9.43
10.19
11.81
9.32
10.28
9.43
11.03
10.13
9.37
10.89
8.87
8.14
10.10
10.71
11.93
11.38
8.67
10.02
9.52
10.73
11.49
9.62
10.56
9.26
9.77
11.99
11.35
12.89
10.39
11.23
11.11
8.87
10.03
8.07
11.24
11.43
12.25
9.52
9.16
11.74
11.78
10.75
9.74
14.03
11.50
10.23
10.67
12.47
12.85
9.81
9.65
11.80
11.41
10.54
9.86
9.12
9.22
11.49
10.48
10.44
8.15
10.59
10.43
12.10
11.30
13.80
11.63
12.65
11.63
11.11
11.85
10.41
10.96
10.53
12.63
10.24
12.53
10.28
10.96
9.83
9.55
11.19
13.04
12.18
9.61
10.94
9.51
12.49
10.36
12.77
11.44
12.05
11.26
10.07
11.76
11.72
9.78
10.79
12.35
11.40
10.35
8.67
13.13
9.51
12.81
12.53
10.98
11.73
12.92
11.68
11.04
12.34
9.48
14.41
9.67
9.17
10.14
11.54
11.57
9.53
11.52
11.01
12.92
10.53
12.82
8.75
11.51
9.11
11.07
9.89
9.30
11.93
9.14
12.58
12.55
11.72
11.13
13.73
10.68
9.13
11.00
12.22
10.56
11.10
9.66
10.65
10.09
10.81
11.86
9.40
9.90
9.71
10.50
12.34
9.04
9.02
10.75
11.35
8.81
10.66
12.34
10.72
10.13
10.74
10.71
9.02
13.50
13.44
11.68
9.31
9.87
11.56
10.76
10.65
10.56
11.68
10.03
13.47
8.96
10.45
12.24
10.11
12.64
10.35
8.82
10.28
11.99
12.92
12.14
10.15
15.17
10.71
11.49
10.10
9.43
11.21
10.61
10.50
10.63
9.70
9.53
11.23
14.91
10.21
13.01
11.37
13.05
10.79
8.80
11.52
11.18
11.14
10.45
11.69
11.76
9.24
10.49
15.74
10.19
9.88
9.63
9.77
11.65
12.34
9.60
10.27
13.13
12.01
10.75
9.42
9.91
10.48
10.14
9.57
9.30
11.88
9.27
11.54
9.89
10.20
11.57
8.52
9.76
12.07
12.00
10.54
8.92
12.38
9.45
9.28
12.04
11.59
12.59
10.02
10.78
11.41
9.58
11.81
9.94
11.63
13.25
10.97
10.86
10.92
11.87
11.64
10.89
8.30
14.64
11.77
9.24
10.04
10.89
9.58
11.26
13.28
11.66
9.96
12.23
12.56
11.63
13.26
10.00
10.91
8.75
11.85
10.59
9.53
13.08
9.56
11.57
9.69
10.80
11.87
10.88
11.70
11.00
10.24
10.78
12.55
10.12
11.48
13.02
9.55
8.54
10.50
8.47
12.39
10.05
10.63
11.03
8.37
10.64
13.82
9.97
11.09
11.12
11.78
9.60
10.69
12.20
8.96
8.77
9.95
10.49
8.90
8.84
12.57
8.21
8.74
11.52
10.34
10.22
9.87
11.20
12.43
9.71
10.52
11.16
10.08
10.89
12.43
11.56
10.67
10.01
12.33
9.72
11.72
10.35
11.34
12.91
10.55
10.13
13.43
11.75
11.64
9.01
9.04
12.67
9.25
10.54
13.42
11.85
12.27
8.21
12.57
10.90
11.17
11.41
10.57
10.80
9.67
10.66
11.05
9.34
8.96
8.55
8.95
8.92
9.27
11.90
9.96
8.94
11.39
9.44
10.89
10.37
11.80
12.93
10.80
13.60
11.96
11.76
9.76
12.14
8.79
10.87
10.74
9.45
9.90
10.71
9.30
11.49
11.22
8.24
13.26
12.01
9.21
10.01
10.58
10.79
11.13
13.98
13.54
9.48
9.56
10.46
10.22
11.05
11.07
11.57
12.33
9.93
10.72
12.41
11.03
11.33
11.82
13.87
10.21
10.08
10.48
10.10
12.12
14.21
10.02
10.70
12.00
9.70
10.99
11.68
11.72
11.44
11.29
10.59
8.97
10.71
12.21
10.45
10.48
11.43
10.60
12.28
9.33
11.33
11.05
12.07
11.56
10.87
11.38
9.49
11.06
9.58
10.93
12.27
10.42
11.58
12.05
9.33
10.54
7.13
11.16
12.24
9.86
10.03
10.27
10.54
11.24
12.17
8.59
13.83
13.51
10.28
11.82
12.53
11.81
11.07
13.60
14.13
12.71
12.93
10.81
10.31
11.39
10.39
12.77
12.47
13.07
11.27
12.24
7.96
11.12
12.81
9.46
10.95
12.21
11.07
11.76
11.00
12.16
10.02
9.29
9.89
10.55
12.35
11.33
11.66
11.83
12.07
14.87
10.40
10.36
10.84
11.39
11.17
9.64
12.55
9.04
9.31
9.64
11.27
10.87
12.44
11.28
11.55
9.24
9.64
12.01
12.49
12.51
11.06
10.16
10.66
10.09
10.50
9.66
10.51
10.34
9.24
11.41
11.06
11.67
10.22
10.82
10.30
10.38
11.07
10.89
10.61
10.70
9.13
9.37
12.00
11.32
11.25
11.22
11.55
9.65
11.99
11.39
9.97
11.17
11.26
11.64
9.70
12.45
13.10
8.82
8.26
10.06
9.88
10.23
10.37
10.25
10.61
9.81
11.52
12.62
9.98
13.04
11.76
9.56
12.19
9.24
12.03
10.21
10.01
15.54
9.84
10.58
10.20
8.64
14.13
11.97
8.84
10.42
10.75
12.47
13.86
7.81
9.72
10.60
11.03
9.89
13.35
10.13
9.88
10.36
8.23
9.49
9.02
12.91
6.55
8.25
11.21
10.78
8.99
9.06
8.46
9.78
9.52
10.84
9.86
10.68
10.10
11.64
10.58
11.35
10.83
11.12
10.74
9.90
9.97
12.20
11.07
9.29
9.43
11.45
11.31
9.90
12.33
15.64
9.69
10.51
8.42
10.46
12.03
11.54
9.53
10.40
10.00
9.10
11.47
11.46
10.39
9.48
9.91
11.03
11.78
10.13
11.58
9.12
11.18
8.89
12.00
9.81
9.34
10.55
9.92
9.08
10.63
11.58
12.21
13.29
14.00
9.29
12.70
12.96
11.83
11.60
11.11
9.72
9.85
13.69
9.37
8.47
11.73
11.06
12.22
9.93
9.98
10.59
9.08
13.49
8.42
10.20
10.07
10.78
9.61
8.95
9.46
9.75
11.62
11.69
14.87
10.53
11.50
10.66
10.70
10.72
11.35
11.49
11.07
10.08
12.00
8.72
10.08
11.25
10.42
9.91
10.74
10.12
10.49
11.77
9.40
9.72
8.51
8.67
9.06
9.99
10.73
11.17
9.96
10.56
12.30
10.02
10.15
9.85
9.88
9.71
10.50
10.14
9.31
9.27
13.10
13.89
9.26
11.49
7.88
12.03
12.20
9.41
13.51
9.51
11.07
10.29
10.54
10.85
10.01
14.03
10.31
11.66
9.86
11.89
9.08
9.83
10.94
11.51
12.08
11.12
9.97
10.92
11.03
10.12
12.91
9.59
9.30
9.46
10.96
12.20
12.97
10.58
9.05
10.42
10.71
10.10
9.61
10.15
10.73
14.66
10.92
9.87
11.21
9.39
10.48
10.28
10.24
10.77
11.91
9.44
8.59
12.00
11.00
11.50
11.10
12.41
11.89
9.40
11.44
12.41
13.83
9.62
12.71
11.06
10.87
12.55
10.88
10.03
12.90
11.15
11.91
9.55
9.45
11.29
8.47
10.95
10.69
10.73
11.16
11.48
13.67
9.02
9.50
11.91
10.98
12.13
10.50
12.57
10.50
12.05
11.19
8.55
9.27
9.85
13.33
8.29
10.88
11.41
8.89
13.43
10.53
10.39
11.67
10.68
11.32
10.50
10.08
10.92
13.46
10.52
9.66
9.71
10.76
12.35
13.04
9.42
12.22
10.93
11.88
10.53
11.28
9.97
9.39
9.32
12.29
10.33
10.62
10.28
10.66
12.64
13.87
9.53
9.63
13.05
10.89
8.58
10.64
10.50
10.65
9.52
8.47
10.64
11.09
9.88
11.36
10.69
10.12
11.72
9.73
13.50
9.15
11.66
10.95
12.31
10.16
14.06
10.91
8.97
9.26
12.17
10.50
12.82
10.38
8.42
10.39
11.62
11.68
12.15
12.18
10.41
9.98
10.12
9.40
10.01
12.64
12.01
11.38
13.52
12.18
10.67
9.93
10.41
8.71
10.84
10.27
10.30
12.49
9.70
10.60
10.13
10.25
11.00
10.51
11.73
11.31
9.66
15.45
11.22
12.27
10.19
11.40
11.17
13.42
12.64
10.79
11.66
9.86
11.47
8.82
9.56
11.13
10.78
11.32
12.29
13.70
11.43
12.46
9.05
10.24
12.07
12.40
13.71
12.94
11.65
14.05
9.50
9.53
13.30
7.98
10.71
14.67
9.25
9.36
10.56
13.30
10.02
10.66
10.59
13.97
12.13
10.27
11.36
11.07
11.48
13.94
12.99
10.64
10.65
10.92
12.37
11.01
11.61
11.86
11.81
11.18
10.05
13.67
9.66
12.61
10.35
11.36
10.41
12.22
10.04
10.07
10.70
8.90
10.72
11.04
12.12
14.53
14.21
10.82
12.00
8.34
11.98
10.64
9.49
10.87
11.16
10.95
12.88
12.43
9.20
9.94
9.18
11.28
12.35
13.26
10.12
12.25
8.39
11.67
9.73
9.15
9.54
11.87
11.93
10.85
12.93
11.15
11.30
13.59
10.49
12.88
10.59
13.87
12.06
11.65
10.32
10.36
13.98
11.85
12.58
12.92
11.80
9.96
10.19
12.33
16.30
12.86
9.88
12.27
10.44
10.58
11.15
9.81
9.81
9.36
9.33
12.27
9.42
13.90
9.89
11.21
12.06
12.15
10.44
11.28
12.09
12.23
10.03
13.62
9.38
11.14
11.17
10.66
10.65
9.92
10.30
8.44
11.50
10.76
11.55
13.65
9.27
12.14
10.14
14.15
10.87
10.93
11.53
9.52
9.90
12.20
12.52
14.18
12.59
12.25
10.55
15.13
12.53
11.62
10.29
15.20
10.64
11.12
11.45
10.06
10.84
11.01
11.87
10.84
15.34
8.75
9.97
11.18
10.73
12.08
12.58
11.16
10.25
11.24
13.45
8.42
9.07
9.05
13.11
10.93
10.58
9.36
12.33
9.14
12.43
14.53
8.32
11.48
12.21
12.71
10.97
11.08
13.33
10.96
11.78
10.83
10.99
10.56
10.08
10.73
10.62
10.13
10.34
11.48
12.13
9.63
9.41
9.45
10.66
11.37
10.52
9.40
12.45
10.50
8.12
10.45
12.00
12.38
11.05
8.73
9.18
10.39
11.04
9.38
12.03
10.95
10.05
11.60
9.42
13.19
10.24
11.27
13.15
10.42
13.42
10.71
11.91
10.14
15.57
11.77
13.21
12.28
9.87
9.99
12.47
11.30
11.51
11.76
10.45
10.84
9.45
9.52
10.57
12.20
10.30
11.19
12.11
11.90
10.54
13.21
11.76
8.92
10.58
12.68
12.17
11.05
11.24
10.88
8.92
9.89
10.92
12.51
10.81
11.27
10.01
10.48
11.17
9.45
10.22
11.46
11.60
11.68
10.89
9.88
11.82
10.91
11.20
12.53
10.97
8.57
11.71
12.71
11.38
10.02
10.81
10.47
11.97
13.04
12.06
13.67
10.40
14.58
11.79
10.26
10.78
9.94
11.64
9.84
11.65
13.30
12.64
11.36
12.60
10.28
10.12
10.58
12.71
9.05
11.47
10.95
10.72
10.82
10.31
10.34
11.58
12.40
11.77
12.71
12.10
11.52
11.80
9.90
11.92
12.33
10.75
11.30
9.34
10.17
11.18
10.99
11.44
9.86
10.60
11.45
9.81
10.75
12.69
9.29
8.83
11.87
12.22
10.46
12.54
10.95
12.65
12.92
9.39
12.10
10.42
11.52
9.68
10.48
9.84
11.98
10.81
13.53
11.62
11.12
11.11
13.35
10.24
9.79
10.82
11.49
10.13
11.42
13.04
10.82
9.24
12.72
10.38
14.11
9.12
11.46
12.44
11.38
13.45
9.92
11.90
8.90
8.69
11.38
10.67
11.13
10.95
13.28
9.79
10.77
12.37
9.29
9.95
9.71
9.68
9.93
9.40
10.91
13.18
10.65
12.70
10.85
11.56
10.56
12.39
11.27
9.08
9.90
12.77
12.06
12.99
13.18
11.07
11.00
9.28
13.07
10.04
11.99
13.61
10.30
11.28
10.21
9.62
10.10
9.02
11.04
8.85
10.95
9.96
12.26
9.36
11.89
11.55
11.48
13.19
10.42
10.46
10.41
11.25
13.55
13.29
11.54
11.59
9.99
10.95
10.36
10.98
9.16
9.58
12.19
11.34
12.05
11.90
10.87
9.06
11.70
13.93
12.24
12.83
11.42
11.49
11.44
11.90
14.58
11.76
11.95
13.32
9.99
9.40
9.87
10.76
10.63
10.02
11.89
12.66
11.84
11.75
9.93
11.61
10.23
13.25
10.52
10.36
11.97
11.35
13.40
11.51
14.61
12.02
12.12
10.31
11.49
12.35
11.65
9.13
8.86
9.07
10.74
10.44
10.92
10.06
10.77
12.09
8.54
9.57
11.52
9.98
9.54
11.76
12.19
13.93
11.15
10.36
12.73
11.11
13.39
13.72
13.54
9.65
13.02
11.84
14.08
11.17
11.98
10.05
9.88
11.82
11.28
7.88
13.26
14.00
15.24
11.63
12.29
11.88
12.99
14.49
11.62
9.74
12.87
10.32
11.74
12.63
10.74
11.60
12.61
14.15
10.38
13.20
12.47
10.81
13.60
9.78
8.72
10.83
11.07
10.33
11.18
11.24
11.18
12.64
11.77
13.04
10.83
15.00
10.12
9.59
12.61
11.35
12.21
10.56
11.25
11.41
10.47
11.63
12.45
11.53
11.36
12.75
10.57
10.77
9.37
10.61
8.75
12.24
9.86
9.57
12.11
11.59
13.98
9.15
14.12
12.03
13.12
12.37
13.21
9.48
9.14
12.39
10.99
9.91
10.81
9.82
9.42
11.33
10.88
13.09
12.17
10.10
9.87
10.56
10.32
10.58
11.26
11.85
9.78
10.63
11.15
10.96
9.03
10.79
11.35
11.82
11.39
10.12
10.40
12.09
11.29
10.12
9.73
9.01
12.39
13.07
11.73
9.68
11.45
11.47
9.64
8.56
8.52
13.75
12.44
9.06
11.79
8.66
11.88
10.15
11.82
10.52
9.57
10.98
12.73
13.70
10.84
11.95
9.71
9.97
9.98
10.24
12.47
7.25
13.72
8.91
10.31
10.02
7.52
9.75
11.49
12.77
10.60
8.11
10.94
11.98
10.32
10.73
13.88
12.28
11.12
9.48
10.42
10.21
8.91
13.34
12.62
12.97
12.34
9.76
11.12
10.34
12.41
12.03
10.85
10.62
10.58
13.29
9.47
9.75
9.99
10.15
13.25
10.04
10.44
12.93
8.21
13.82
10.13
12.58
10.33
10.84
10.42
11.48
13.07
11.79
9.94
9.43
12.66
12.63
10.18
13.08
10.23
13.14
9.39
11.79
11.81
11.24
8.87
11.48
12.13
10.40
11.30
10.82
10.47
14.38
11.48
10.26
9.82
10.70
10.87
10.22
11.07
10.35
13.22
11.20
10.93
10.79
12.24
10.30
9.93
12.25
12.11
11.45
11.76
9.85
12.24
11.08
9.37
15.39
12.95
12.74
10.59
10.48
11.76
11.43
11.98
9.59
10.66
10.30
10.65
14.22
12.03
11.11
12.33
13.03
11.21
10.00
10.29
9.26
10.68
10.97
12.84
11.49
10.76
14.59
10.54
11.20
11.25
10.33
11.24
12.77
10.48
13.00
10.67
12.33
9.57
11.01
12.82
12.70
13.87
10.00
9.10
14.29
16.34
10.02
9.26
14.40
12.34
12.43
12.72
8.18
12.69
11.86
12.97
8.53
11.53
11.01
10.96
13.47
12.92
9.68
10.78
10.53
12.72
12.42
10.33
13.55
13.02
12.92
12.66
10.60
13.29
9.75
12.69
11.83
12.26
8.10
9.98
9.91
10.69
11.25
11.74
8.49
8.41
11.79
12.48
11.71
11.96
10.44
11.32
11.67
10.94
13.44
11.69
11.12
11.48
13.21
13.08
11.85
11.55
10.13
11.48
10.44
11.28
11.22
10.47
10.61
11.08
9.49
11.20
14.28
11.58
9.12
10.49
11.05
11.63
11.50
15.00
12.26
8.86
11.74
11.66
9.13
11.32
11.24
12.78
10.85
10.71
10.08
10.94
11.31
9.88
10.28
11.35
15.36
11.19
12.55
12.20
11.23
12.05
13.10
13.01
10.81
11.78
12.89
11.29
11.71
10.53
11.08
9.87
11.57
12.39
8.98
8.96
10.90
11.81
9.92
12.22
10.60
8.90
11.79
13.08
12.66
10.96
12.04
9.87
13.79
11.87
11.55
9.39
12.26
12.33
13.06
13.43
11.28
11.03
11.22
11.20
11.39
9.18
9.42
12.18
11.59
10.35
9.19
11.44
9.80
8.99
12.92
10.70
12.84
13.01
13.37
11.85
11.02
13.45
8.58
11.88
11.95
10.64
9.97
9.02
11.52
9.50
9.76
10.55
11.94
8.41
10.88
9.83
8.62
9.06
12.44
8.83
8.33
10.46
10.75
8.82
10.89
9.12
9.91
12.14
10.39
11.94
12.16
11.71
11.52
11.44
13.90
10.84
10.91
11.08
10.16
10.24
12.66
12.37
11.58
10.12
10.58
10.73
11.16
10.81
12.69
13.46
9.48
8.96
10.34
11.33
12.55
10.06
10.55
16.40
11.43
12.17
13.28
10.96
7.99
10.29
10.94
14.32
11.45
10.85
9.77
10.20
11.75
9.93
8.69
11.70
12.15
9.74
12.38
12.34
13.69
11.36
10.06
9.95
9.95
9.29
10.22
10.56
8.67
11.24
9.14
12.15
11.85
9.22
9.95
11.59
10.42
11.26
9.13
11.48
12.76
12.05
10.65
9.45
11.20
12.21
10.75
13.97
10.77
9.91
11.63
8.91
10.66
12.57
11.52
12.20
11.79
9.09
10.60
11.13
10.47
11.94
13.53
12.51
9.00
13.97
13.31
13.97
11.03
10.56
9.14
9.21
10.75
9.27
10.83
10.33
11.15
9.93
10.38
12.69
9.37
12.99
11.70
11.43
9.29
12.14
10.45
13.37
9.39
12.10
11.68
11.05
10.29
8.04
13.01
12.23
11.46
9.92
10.43
8.51
9.49
11.49
11.37
11.79
11.55
9.76
11.20
12.96
11.90
10.87
10.02
14.70
12.33
12.44
13.37
10.59
10.28
13.31
13.88
12.34
13.42
11.82
11.37
10.21
9.85
9.95
9.68
9.97
10.79
12.73
8.79
9.77
11.42
10.42
13.11
12.38
9.97
9.93
12.70
12.62
11.33
13.31
10.64
12.79
10.02
11.94
9.26
11.14
11.89
9.23
11.58
10.70
11.52
9.66
11.77
13.19
12.46
9.97
12.30
13.64
12.02
10.57
12.40
10.16
9.67
11.04
11.10
9.38
12.38
10.32
11.91
10.85
13.76
11.25
9.01
9.05
11.09
10.74
11.09
8.89
10.74
10.26
12.64
11.49
12.19
13.89
14.67
13.71
7.98
11.62
10.55
12.05
11.65
12.49
11.55
8.58
10.56
11.58
12.33
11.62
9.72
9.91
11.41
13.91
11.81
10.26
12.70
9.52
12.75
10.68
10.68
10.46
13.24
10.40
11.66
11.68
12.76
11.25
12.21
11.70
11.82
10.91
9.66
11.32
13.70
12.23
12.75
13.07
11.43
11.59
12.60
10.28
11.55
14.36
13.41
10.02
12.77
10.71
11.15
11.41
12.44
10.58
13.01
13.81
13.36
8.46
10.40
10.00
12.34
12.89
13.75
8.06
8.84
11.12
12.06
11.80
13.21
11.85
7.88
9.42
8.38
13.98
11.03
15.31
8.27
9.48
10.65
8.88
12.33
10.12
10.33
8.90
11.87
12.38
11.15
12.20
9.94
8.93
9.46
9.82
13.40
11.03
9.09
11.88
11.95
12.84
10.15
10.82
11.14
11.47
10.71
12.37
9.55
10.81
14.28
9.15
12.28
13.03
11.28
11.62
12.10
12.73
12.18
14.06
10.86
11.87
8.83
10.42
9.98
9.68
9.88
10.57
10.63
13.16
10.16
10.82
10.59
10.64
11.86
10.53
13.24
11.13
9.53
11.44
11.64
12.23
9.09
7.76
10.30
7.68
10.71
10.18
11.54
9.48
12.96
10.60
8.97
10.84
9.89
14.80
8.69
9.23
8.73
13.29
11.32
12.33
13.90
11.00
10.83
9.68
9.41
10.74
13.76
10.78
12.45
13.22
12.12
11.34
12.34
11.91
10.86
14.15
12.79
10.58
11.92
11.57
7.47
9.24
9.73
12.13
8.99
9.26
10.46
9.01
8.85
12.12
12.87
11.67
11.93
11.78
12.18
10.31
12.01
8.98
10.99
9.02
10.93
10.17
10.45
10.24
14.05
10.95
10.76
12.89
13.06
12.35
11.51
10.06
14.17
11.22
8.61
12.08
13.59
11.17
10.25
8.93
11.52
9.06
12.34
14.69
10.78
9.09
12.22
9.70
9.98
12.72
9.42
11.92
9.43
10.53
12.01
12.30
11.29
10.24
13.67
16.85
8.96
11.35
13.10
10.09
10.46
10.48
12.32
10.90
9.13
9.79
10.69
9.53
10.40
12.64
12.10
10.80
9.29
11.97
9.35
9.15
10.92
11.71
9.70
11.84
9.79
12.83
8.39
11.14
11.11
10.24
12.15
13.43
9.76
11.64
11.42
9.75
10.33
10.73
11.84
8.30
12.43
13.25
14.33
10.38
9.44
9.48
12.11
12.25
13.05
9.79
12.33
9.24
13.02
8.70
11.88
13.17
10.92
12.29
9.10
10.24
10.69
10.58
12.17
13.65
14.26
11.37
11.74
10.71
10.63
10.97
9.43
10.84
11.36
13.22
10.01
11.47
11.39
10.12
10.43
11.38
13.72
10.44
10.06
10.12
13.98
10.89
9.81
11.46
9.58
8.75
12.48
9.38
11.07
9.18
10.59
10.21
10.15
11.93
12.72
8.97
9.61
9.77
11.78
8.69
13.14
13.24
11.29
10.40
10.58
14.41
9.55
10.15
12.73
10.59
8.41
11.38
11.79
10.60
10.55
12.08
9.57
12.28
10.13
9.93
11.51
14.29
10.99
10.05
11.76
10.37
10.00
12.05
13.08
10.08
9.91
10.02
13.10
12.75
10.34
11.08
10.05
10.34
9.86
9.07
11.27
10.01
11.23
11.15
13.28
9.91
10.48
9.36
10.21
10.92
10.20
11.44
9.88
13.52
12.72
7.46
8.15
10.71
10.79
10.09
10.57
11.15
11.03
11.31
12.34
13.41
9.70
11.48
10.14
9.33
11.77
10.24
11.38
11.97
10.41
13.57
11.54
9.33
9.32
10.26
10.77
11.41
10.62
12.42
11.42
10.54
12.17
11.45
11.61
10.69
11.40
11.47
13.36
10.35
14.38
11.84
10.09
10.62
12.85
8.69
11.93
11.42
10.51
9.58
10.75
10.42
8.97
11.25
11.01
11.86
12.14
10.28
12.98
11.19
12.56
11.00
11.76
12.64
12.21
11.37
8.49
13.80
12.95
10.30
8.64
12.02
10.74
12.84
11.30
12.06
11.48
12.19
11.61
10.45
11.36
8.98
11.97
9.95
11.11
12.23
13.52
10.55
10.94
8.75
10.49
11.32
10.72
11.26
11.06
11.96
14.09
9.59
13.02
10.97
13.85
9.42
10.79
13.45
10.12
9.18
13.28
10.05
12.53
11.42
11.88
13.93
10.61
9.55
11.07
9.97
9.60
11.80
12.71
9.68
11.82
8.37
10.59
14.61
11.76
10.49
8.45
10.44
9.91
9.74
14.01
11.10
12.10
14.23
12.59
11.27
12.97
8.45
12.70
9.74
11.33
10.82
10.83
10.19
10.29
11.28
10.43
11.86
9.99
10.24
11.99
13.41
11.88
12.24
10.83
10.54
11.37
11.10
13.44
11.90
11.89
11.36
9.26
9.63
10.08
14.91
12.29
10.71
12.02
10.29
10.11
9.68
9.59
11.51
11.16
12.79
10.18
13.67
9.60
8.08
10.31
10.67
14.48
10.42
10.10
12.12
10.13
9.95
12.53
11.84
13.48
8.68
11.10
13.18
12.68
12.45
11.59
11.32
11.62
10.78
11.10
12.18
11.57
11.51
11.59
9.73
9.63
10.51
11.74
9.31
8.12
12.04
9.60
11.69
12.04
15.59
8.78
10.94
11.93
10.83
13.61
11.65
13.88
12.63
13.20
11.97
12.34
11.65
11.54
13.50
10.40
10.13
9.44
11.97
10.42
9.87
10.06
12.13
9.26
12.82
9.17
10.83
10.83
14.89
11.06
11.89
11.15
12.08
10.01
10.60
11.51
9.05
11.24
11.16
10.86
10.45
9.83
8.86
10.82
13.11
10.87
11.19
12.04
10.62
11.13
12.78
10.77
10.12
11.16
10.14
12.86
11.73
10.88
12.07
13.31
8.29
9.32
9.92
12.11
9.75
10.47
11.89
13.40
14.33
12.51
10.99
12.49
11.99
12.32
10.81
9.83
10.38
10.17
10.94
9.59
11.00
10.53
11.63
11.65
10.38
9.49
10.37
11.20
10.39
10.42
10.36
13.44
12.97
14.15
10.77
9.56
10.79
10.18
9.44
14.09
11.79
10.44
11.87
12.36
12.92
12.72
10.16
9.60
11.92
11.67
11.32
12.83
8.73
10.26
10.74
11.88
10.74
8.58
8.98
9.05
11.90
10.90
11.39
8.22
10.42
13.27
10.91
10.54
10.59
11.64
11.17
12.02
10.75
8.83
9.91
11.30
10.41
11.88
13.32
11.31
10.52
10.19
9.37
10.59
11.54
10.31
12.81
10.87
10.37
11.05
8.71
11.23
12.61
11.03
13.35
8.88
11.90
12.88
13.49
11.52
10.45
9.70
10.59
9.91
10.33
9.45
11.41
11.55
12.90
10.02
7.65
10.19
10.81
10.80
10.66
12.19
13.85
10.72
10.24
11.64
8.26
9.93
10.07
11.44
9.97
8.61
11.25
9.76
10.43
11.64
11.12
11.53
10.08
10.17
9.07
10.49
12.73
12.87
9.88
11.72
11.96
8.34
10.33
10.06
8.66
10.46
10.45
11.38
12.07
12.72
13.74
10.00
10.13
12.90
10.70
10.73
9.78
11.46
11.05
13.43
10.66
12.11
13.17
9.88
12.10
13.51
13.49
10.54
10.08
13.77
12.74
12.14
9.22
9.34
9.15
11.17
10.39
10.85
9.89
11.82
10.42
12.63
9.59
13.15
11.68
10.94
9.81
10.15
10.29
11.26
11.22
8.19
12.49
11.92
12.47
12.37
10.05
10.15
12.97
11.07
10.57
11.08
9.80
8.81
11.80
12.52
10.89
12.92
11.11
13.80
12.20
8.76
10.73
12.45
10.56
11.09
11.23
11.13
11.41
10.01
14.90
14.18
12.63
12.28
8.92
10.35
12.06
13.13
12.59
13.90
11.01
11.46
11.40
9.79
11.71
9.84
9.43
12.61
12.05
8.51
10.77
13.76
11.03
10.16
11.96
10.93
10.12
12.72
9.87
10.52
9.16
11.41
10.59
12.31
10.02
11.76
10.91
10.63
14.33
12.37
10.35
10.30
12.02
12.20
8.70
10.79
10.62
9.06
12.52
9.76
12.22
13.64
8.82
10.18
8.44
10.70
10.65
10.16
8.17
9.64
9.14
10.44
9.96
10.81
12.59
10.28
10.65
11.52
11.54
11.85
10.57
12.66
13.54
11.34
10.94
10.61
10.96
14.79
9.62
10.24
12.25
10.37
10.49
11.43
8.55
10.13
10.77
10.88
13.50
10.89
11.81
12.29
12.02
13.05
11.47
10.14
10.88
12.11
9.22
9.22
11.35
9.69
9.52
10.83
9.45
10.75
10.97
12.49
12.89
11.57
10.42
13.65
12.05
15.62
11.98
11.27
15.62
11.18
10.33
11.97
10.07
12.86
12.27
7.88
10.52
7.52
10.52
9.08
12.84
10.48
10.87
13.71
13.34
10.02
11.06
11.64
9.81
10.44
12.46
11.70
10.47
11.92
11.83
14.20
10.53
10.99
10.13
10.30
11.18
11.57
10.43
12.74
9.24
9.39
11.31
10.19
10.37
11.22
11.19
11.99
12.19
10.71
9.82
10.63
9.18
12.17
9.66
9.77
11.17
11.49
10.38
11.03
11.69
13.11
11.13
13.47
10.37
12.74
9.96
8.95
9.50
11.57
10.18
9.70
11.51
11.39
12.01
12.98
15.28
10.58
10.94
12.12
8.45
9.08
11.16
9.68
10.49
10.21
15.33
12.71
12.24
11.11
11.42
10.26
9.92
11.36
12.45
11.65
9.72
11.37
11.63
9.64
10.69
9.93
12.41
10.90
10.45
10.09
10.69
10.96
9.93
12.50
11.19
11.24
11.64
10.24
12.54
9.20
9.33
12.70
11.96
10.41
11.52
10.50
9.22
10.88
11.76
9.65
11.41
10.19
11.15
10.81
8.52
9.49
11.48
11.91
11.96
9.86
12.76
10.68
9.84
11.14
9.82
11.84
11.74
10.70
13.60
8.86
10.17
12.00
9.75
9.90
9.71
10.08
10.30
11.76
13.04
11.34
10.80
12.95
10.84
7.47
11.85
9.70
9.78
8.29
9.83
9.63
14.15
11.78
9.25
8.19
9.12
9.32
9.69
9.90
10.64
9.87
10.13
12.46
11.69
9.16
12.11
10.08
11.60
9.02
8.33
10.16
10.09
10.55
10.30
10.04
6.88
12.38
8.92
10.27
10.67
9.83
9.14
12.61
11.35
9.48
13.64
11.90
11.71
9.29
10.96
12.96
10.35
9.46
11.38
9.11
9.52
12.23
9.57
9.45
8.68
10.76
10.76
13.01
9.90
10.29
11.14
11.37
11.38
10.16
12.18
10.99
9.17
9.99
12.19
12.57
12.28
11.36
10.61
11.27
10.23
9.96
9.12
15.39
10.06
11.75
11.65
11.07
9.39
10.79
11.33
11.85
10.79
10.12
12.26
11.60
12.86
11.20
10.76
9.06
14.40
9.66
10.12
12.29
9.92
12.01
10.21
12.08
11.48
10.17
10.53
9.50
8.86
13.00
11.17
10.67
9.88
12.17
11.76
11.09
10.92
11.01
12.83
12.08
9.01
10.08
10.00
12.84
9.82
11.87
9.35
11.30
9.67
10.27
12.78
10.79
9.02
13.80
12.31
10.31
9.67
9.26
10.86
11.46
12.36
11.45
10.85
10.37
13.03
10.16
9.41
12.49
10.74
9.59
10.53
9.92
8.92
12.56
10.21
9.81
10.47
11.50
11.08
9.82
12.88
12.23
10.11
10.28
10.85
12.93
11.15
9.98
11.30
11.47
10.39
11.49
11.15
9.91
10.23
11.44
8.96
12.85
9.88
9.97
11.60
11.04
13.44
9.38
12.47
13.01
11.10
10.51
12.44
9.86
12.46
10.48
11.46
11.54
11.03
9.85
13.98
11.28
10.90
10.20
12.00
10.26
14.26
9.80
10.06
10.35
9.75
11.18
13.00
12.57
10.38
10.42
10.03
11.74
12.43
17.03
9.04
12.55
8.48
11.44
11.28
14.55
13.93
8.88
11.41
11.71
12.40
10.60
10.54
9.93
9.54
11.73
8.80
11.16
12.99
9.85
11.22
12.28
13.91
11.04
11.03
10.33
11.92
13.53
10.13
10.79
9.52
9.50
10.26
11.79
10.77
10.34
11.02
11.62
12.23
10.99
13.74
10.34
12.67
13.41
11.21
9.90
10.89
9.74
10.96
11.25
10.70
14.56
10.25
8.62
9.89
11.16
11.48
10.31
10.03
10.96
10.63
8.80
10.47
12.58
10.34
11.26
12.16
9.54
10.36
11.07
11.37
7.96
10.92
10.40
9.16
12.05
11.02
8.86
13.28
9.35
11.27
11.72
9.63
8.29
9.94
10.93
10.70
10.99
10.96
10.89
11.29
10.35
10.60
14.26
9.86
10.38
6.85
9.55
10.53
13.84
11.78
10.03
10.25
10.20
11.61
8.77
14.37
9.71
12.26
11.31
10.79
8.56
10.67
10.70
12.28
10.20
10.13
9.92
11.36
9.97
10.03
11.40
10.21
11.58
9.91
12.97
9.88
10.98
10.81
11.81
9.12
9.18
10.30
11.04
9.06
12.47
13.35
10.97
12.56
12.44
10.63
10.47
10.31
10.04
11.54
10.50
10.56
12.76
9.83
12.90
10.86
8.16
10.63
8.96
10.73
9.63
10.99
10.95
10.21
13.09
10.75
10.70
11.43
8.17
10.02
10.18
11.02
11.59
10.87
12.28
9.67
8.24
11.09
10.76
11.22
9.28
12.72
12.11
10.72
9.31
9.90
8.18
10.40
12.25
8.68
12.67
13.25
11.21
9.83
9.26
13.02
12.10
10.90
11.06
10.87
12.18
10.29
10.70
12.38
9.74
9.52
11.24
9.87
9.67
9.58
10.06
12.73
11.60
11.16
6.83
10.82
11.04
9.73
11.73
11.13
10.12
11.29
10.34
11.50
8.77
11.70
9.89
9.67
9.44
11.82
9.78
11.32
11.60
11.13
10.19
10.15
8.61
9.64
11.75
9.64
10.90
8.33
10.62
8.87
10.04
10.88
12.34
11.54
9.21
9.38
10.17
10.69
13.35
9.73
11.15
11.83
9.33
12.48
12.51
10.58
9.99
10.94
10.24
12.58
9.04
10.77
12.46
10.61
9.61
9.88
10.12
10.08
10.90
9.48
8.40
12.94
9.03
9.03
10.70
10.69
11.74
12.01
10.30
10.26
12.59
11.37
11.02
11.29
10.42
11.29
12.83
10.14
8.83
12.50
10.45
11.66
9.81
12.47
9.61
11.13
12.54
12.82
11.36
11.51
12.48
12.41
10.64
11.31
10.18
11.07
11.38
11.01
8.80
11.81
13.45
11.13
13.79
11.47
11.30
10.85
12.76
8.90
9.65
10.14
9.99
11.97
10.09
12.50
9.66
9.36
16.04
9.57
11.55
11.67
8.88
9.11
10.08
11.55
9.95
11.58
9.67
11.25
11.23
11.23
9.00
13.41
11.25
10.45
8.78
9.89
10.46
11.57
10.46
11.74
9.50
12.02
12.03
11.53
10.30
10.98
11.58
12.04
11.52
10.91
9.30
9.96
11.28
10.43
13.21
9.79
9.83
13.28
11.71
11.65
8.55
10.46
11.34
10.47
8.25
10.46
9.24
11.44
12.36
12.08
10.09
11.91
9.09
10.68
9.88
8.99
12.15
10.62
10.47
11.47
8.99
11.09
13.47
13.76
11.68
10.54
12.22
11.79
9.77
12.04
10.94
11.84
9.98
11.33
9.38
12.48
17.22
10.27
10.54
8.20
13.17
11.01
10.28
14.15
11.26
11.42
10.99
10.36
9.99
11.47
10.57
10.91
9.90
8.71
11.63
10.22
11.45
13.64
9.97
9.42
10.32
10.38
9.46
8.87
10.34
11.33
10.75
11.02
11.00
9.83
11.63
12.84
10.23
8.62
11.85
10.15
10.40
9.98
11.85
9.79
11.88
9.15
9.41
14.69
8.03
11.28
10.54
10.78
11.84
11.13
10.96
9.71
10.44
9.63
9.44
10.37
10.56
10.73
10.14
9.98
9.96
11.70
9.85
11.92
11.19
10.70
12.39
10.54
11.23
8.89
12.64
9.35
10.50
8.31
11.56
11.08
9.93
12.83
9.78
9.02
11.16
12.67
11.33
11.37
10.33
12.47
10.73
10.60
10.53
9.04
9.87
11.17
11.50
9.88
12.19
13.51
12.38
10.64
11.06
11.44
9.84
10.46
12.58
9.48
9.86
10.17
9.04
11.68
13.26
10.77
12.37
12.01
11.85
10.12
10.15
12.00
12.15
11.49
9.65
11.65
10.49
11.25
12.61
10.54
10.61
11.21
12.96
9.01
13.03
10.87
10.97
12.40
13.01
12.55
9.98
14.05
9.18
10.70
11.85
9.64
11.24
9.82
10.38
10.56
10.91
10.62
9.84
10.76
10.69
10.90
8.98
11.43
10.51
10.70
9.14
11.48
9.62
13.08
10.89
12.30
14.91
11.94
9.79
11.12
10.34
8.92
10.20
11.33
9.69
9.34
10.78
9.74
9.14
12.26
9.49
9.91
11.42
9.76
9.03
10.51
11.68
9.39
9.07
10.16
8.92
9.93
10.36
10.26
12.43
11.66
10.09
8.98
10.61
8.82
10.50
9.29
9.16
8.78
9.26
11.81
8.96
10.64
10.47
12.17
11.61
12.00
10.35
8.69
11.46
9.45
11.76
11.98
9.77
8.37
11.52
10.08
11.99
10.67
8.68
12.12
10.64
10.98
11.97
11.13
11.19
11.64
10.71
7.49
10.45
11.74
11.84
11.96
10.65
10.38
9.55
14.07
10.29
8.96
10.93
11.10
12.76
10.66
10.12
9.75
12.68
11.16
13.19
11.82
10.64
8.92
11.10
10.07
11.44
11.06
9.91
11.26
9.94
9.53
10.55
12.65
12.39
10.18
9.79
9.51
10.50
12.34
11.05
9.43
11.42
9.35
8.42
11.81
9.63
11.69
9.82
11.21
10.19
10.29
12.88
11.01
12.74
12.59
12.33
10.74
10.30
13.47
10.52
12.01
11.02
11.45
11.85
10.18
10.14
10.99
10.53
10.93
11.07
14.05
11.15
10.87
9.97
10.07
9.49
8.87
11.92
10.14
11.01
10.26
11.20
12.65
13.02
11.97
12.09
14.48
10.16
10.87
8.76
9.08
9.55
10.47
10.00
11.73
10.35
10.71
10.87
11.91
12.03
9.19
11.48
12.68
11.45
11.74
10.88
9.86
11.86
8.46
8.59
12.25
11.71
10.65
13.06
9.49
12.75
9.37
8.69
10.43
11.44
10.34
14.40
11.26
12.42
11.00
10.15
9.59
11.56
10.20
10.18
7.35
10.63
10.68
9.74
10.39
8.51
9.39
8.85
12.29
8.84
9.52
11.33
10.21
12.03
8.99
11.68
11.47
10.36
11.44
11.98
11.44
12.34
10.19
11.96
10.74
10.08
9.71
11.15
9.14
10.81
10.04
11.96
11.62
9.95
12.64
12.60
11.47
13.87
10.99
10.01
10.39
10.75
11.16
11.18
10.77
10.00
9.28
10.67
10.76
11.90
12.75
10.68
13.77
10.96
11.02
11.01
11.95
10.56
11.51
13.01
11.88
9.89
10.18
13.10
11.04
11.94
10.05
11.58
9.42
10.91
10.55
10.65
11.17
10.31
12.13
11.88
14.89
10.74
12.82
10.79
9.37
9.95
8.69
9.43
11.21
15.21
11.31
12.07
10.36
9.97
9.14
10.37
12.37
11.02
12.77
10.17
12.54
10.68
12.15
8.17
10.65
10.30
11.66
10.10
9.58
8.67
10.37
10.24
10.89
13.68
9.53
11.22
11.61
10.44
8.02
11.40
7.58
11.50
9.87
9.05
13.00
11.15
11.98
10.44
11.88
12.73
12.34
11.34
13.25
12.40
11.74
10.98
10.10
14.81
13.69
8.44
8.44
9.68
10.35
12.19
9.83
13.52
11.80
10.81
11.75
12.06
11.08
9.66
11.78
10.79
9.71
10.70
12.34
12.07
10.60
11.04
11.41
10.59
9.99
9.46
11.75
10.60
9.06
9.96
10.26
11.04
12.34
11.05
13.10
9.94
11.34
9.06
11.69
8.40
9.71
10.06
12.18
9.33
13.11
12.19
7.77
11.06
10.76
8.16
10.29
13.31
9.79
10.04
10.97
9.90
11.73
9.73
10.20
12.39
11.45
12.03
10.93
10.87
8.87
9.17
9.87
9.23
9.88
10.53
10.12
8.49
10.57
8.98
13.80
10.19
11.83
12.30
10.87
10.74
12.48
9.26
10.52
10.40
12.32
11.90
11.41
11.51
10.88
12.47
13.16
10.26
11.22
9.63
11.25
10.06
11.41
8.95
11.00
9.12
11.88
10.71
12.14
8.85
9.93
10.29
11.79
10.06
11.83
9.29
11.64
9.85
12.40
10.09
12.29
10.08
10.97
9.85
11.91
9.46
11.07
10.50
10.52
10.02
11.64
9.72
13.12
12.39
10.04
10.27
10.13
11.29
9.91
8.68
12.01
10.07
10.57
10.16
10.70
11.52
9.47
11.06
11.52
12.88