10.40
12.04
11.59
10.11
14.13
8.24
12.43
12.49
10.14
10.96
14.81
10.80
10.51
11.43
11.12
10.84
10.95
10.94
11.61
13.10
11.04
11.54
9.47
12.07
12.77
11.85
10.62
10.71
11.20
11.93
10.48
13.26
12.49
11.33
10.21
16.87
9.23
10.23
11.17
8.43
8.65
10.20
11.11
11.02
11.02
10.77
9.40
13.70
9.84
11.30
12.15
10.73
11.06
11.20
10.49
9.66
14.80
10.34
10.30
14.55
13.85
13.75
11.44
13.02
14.01
10.17
12.69
12.14
12.00
10.42
13.33
10.69
12.90
11.51
10.26
12.91
12.19
11.21
9.68
9.35
11.43
9.98
10.01
11.15
9.42
11.99
11.03
11.79
10.04
9.70
11.26
10.96
8.59
10.75
10.00
8.52
10.29
11.97
11.34
11.66
10.66
12.72
11.14
9.94
11.33
10.34
11.36
9.16
14.06
14.04
15.68
13.65
11.29
13.97
10.20
12.48
11.30
10.74
11.20
11.00
13.74
15.76
11.56
9.90
12.77
10.87
12.60
12.39
13.10
12.41
9.92
10.08
10.13
14.19
11.71
8.42
11.63
10.73
10.58
12.11
12.08
10.22
11.43
12.16
12.89
11.16
9.82
10.87
10.05
9.58
11.26
12.41
12.50
9.77
11.18
11.09
11.06
10.30
12.21
10.07
12.60
10.60
13.36
12.02
11.97
13.31
10.49
12.55
11.26
10.65
8.40
10.99
12.18
7.47
14.04
14.20
12.46
9.37
11.41
13.16
10.46
12.78
10.04
12.57
11.27
10.78
10.66
9.35
10.31
9.97
13.01
11.88
10.57
11.01
12.16
11.07
10.78
13.36
10.66
8.61
11.41
13.77
11.11
10.12
10.70
9.15
11.57
11.79
10.26
10.77
9.64
9.77
15.74
11.94
12.39
10.98
9.69
10.31
13.32
11.42
14.41
11.00
10.19
10.66
10.13
9.47
11.40
10.25
12.25
10.90
9.70
11.76
12.45
11.52
10.73
10.09
12.35
12.72
11.76
11.25
11.31
12.61
10.81
11.08
13.45
10.90
9.69
11.85
10.71
12.02
12.52
12.02
10.27
9.93
12.56
11.25
13.88
10.39
10.83
10.85
9.23
14.94
9.97
13.11
10.23
12.81
10.09
11.64
13.48
11.21
11.99
11.07
9.83
10.33
10.89
9.84
10.22
12.29
11.56
10.34
11.58
11.09
11.89
11.07
11.62
12.59
11.09
11.37
13.23
11.26
10.14
11.53
11.65
12.87
11.18
12.12
12.73
10.27
12.91
12.03
12.95
10.38
10.99
13.32
9.90
14.05
13.35
10.87
12.75
10.04
12.77
11.23
11.01
9.79
13.14
11.98
12.19
11.37
11.85
10.78
12.07
11.09
10.84
12.28
8.47
11.68
11.29
10.97
11.72
10.33
15.31
12.26
11.75
11.05
12.25
10.68
13.14
11.69
10.50
16.44
9.25
10.73
12.78
10.80
10.73
11.58
9.37
12.33
11.24
12.02
15.25
9.13
10.58
11.09
9.60
11.02
11.02
11.94
10.74
9.98
13.96
9.52
11.22
11.33
13.72
11.49
14.26
13.74
11.53
10.05
11.61
11.22
13.85
13.88
8.51
12.49
14.67
13.01
10.84
12.35
11.33
12.57
9.20
10.39
10.92
11.96
10.72
13.13
11.42
8.40
11.33
10.76
10.24
11.28
11.51
10.86
10.75
11.79
10.40
13.08
15.01
11.35
8.66
10.87
12.10
10.96
11.38
14.48
12.61
13.98
11.78
10.71
9.67
14.03
11.12
11.02
12.16
12.11
10.14
9.09
9.37
11.24
11.36
9.63
11.14
11.83
10.79
9.96
10.59
11.07
12.25
11.31
13.20
15.51
11.11
11.30
10.24
12.00
11.56
12.33
10.24
11.11
8.65
9.46
9.49
13.22
9.45
10.45
10.14
10.92
11.19
10.84
11.79
11.70
9.22
12.11
10.88
9.73
9.24
11.64
9.21
11.66
11.49
10.91
10.05
11.29
11.22
11.16
14.65
13.57
11.51
9.02
10.76
9.18
12.21
11.52
9.51
12.56
10.12
10.68
10.54
11.07
11.80
10.32
9.52
8.62
12.88
10.27
10.74
12.47
10.99
13.09
9.33
12.42
11.61
9.68
11.52
10.43
11.50
11.24
11.23
9.01
10.80
13.31
12.65
13.30
14.66
10.09
12.79
14.05
10.57
8.53
11.65
13.38
12.97
12.42
12.38
10.24
10.44
12.54
11.37
10.70
13.14
10.60
10.01
11.39
11.59
13.34
12.62
12.33
12.02
11.72
10.91
9.46
12.01
11.93
10.91
13.85
12.26
11.85
11.35
12.24
9.56
14.11
10.54
12.98
13.09
10.71
10.42
9.19
13.74
10.67
13.68
11.43
13.72
9.33
9.98
12.66
12.59
11.27
14.43
10.65
10.96
10.69
12.39
10.81
8.70
14.13
11.72
8.46
11.10
12.85
9.99
9.90
10.48
11.33
10.89
11.27
9.98
9.29
13.53
13.04
9.86
9.39
15.46
12.00
12.41
12.57
10.54
14.53
13.54
12.76
17.27
9.88
10.10
9.91
10.22
10.29
12.88
13.45
10.48
11.66
12.13
8.41
12.43
14.85
12.28
9.75
8.75
11.67
12.68
12.80
11.88
11.17
10.30
13.98
11.68
10.01
9.80
9.48
12.71
12.82
12.37
14.34
9.50
15.15
10.59
14.25
11.53
9.05
9.52
12.34
12.28
11.45
12.07
10.00
10.92
11.20
13.10
12.39
13.21
11.27
10.71
10.37
11.74
14.14
11.78
11.55
8.99
12.81
11.67
11.61
11.19
14.10
12.60
11.19
12.08
10.40
10.42
12.03
13.33
11.86
9.62
11.91
10.39
10.68
10.39
10.89
11.85
11.36
14.32
11.53
13.61
14.02
10.82
12.27
10.27
9.53
16.63
13.42
9.14
13.02
8.32
11.93
11.69
12.67
10.97
11.68
12.16
9.98
13.83
11.50
10.90
13.91
9.94
11.85
11.75
10.73
12.71
11.12
10.29
11.45
10.26
10.64
11.76
8.31
11.72
15.84
12.03
13.89
11.76
12.81
13.48
10.97
10.49
12.92
10.03
11.53
11.26
10.55
10.09
11.00
10.31
9.09
11.38
9.21
11.58
8.36
12.38
13.23
11.49
11.18
11.55
11.03
10.48
10.74
10.76
10.86
12.14
10.60
10.78
10.46
9.63
10.98
10.51
13.47
11.88
9.63
11.07
10.12
10.40
12.02
12.79
10.15
10.38
9.78
11.88
13.92
10.36
11.99
9.70
10.99
9.02
9.39
10.60
10.05
12.95
9.33
10.36
13.74
10.77
9.33
12.01
13.02
10.49
10.76
9.96
11.89
10.80
11.05
10.75
12.56
11.13
11.22
12.85
10.97
12.48
12.76
10.38
11.21
10.33
9.92
10.98
10.30
11.50
14.45
10.50
10.16
11.42
12.73
11.78
11.55
13.13
14.80
15.78
14.14
12.58
10.61
11.16
10.93
14.04
11.60
9.07
16.78
10.65
11.95
10.10
13.83
11.74
10.39
13.45
15.55
14.07
13.42
12.65
9.87
13.27
11.49
13.28
10.70
11.40
9.20
9.30
10.59
11.63
13.69
9.08
13.55
11.53
9.44
10.50
10.95
13.39
10.67
13.70
11.59
11.85
11.24
12.04
14.49
9.63
12.04
12.90
11.53
11.67
11.96
14.13
11.74
9.65
10.96
11.94
9.46
10.92
12.34
10.12
12.58
9.07
11.10
12.43
16.20
8.42
12.53
10.08
11.37
16.01
13.51
10.81
10.58
14.07
11.03
10.71
11.47
12.72
11.09
13.40
12.31
11.65
14.64
13.73
12.06
10.26
11.34
11.55
10.01
9.59
10.71
10.10
10.43
9.05
10.96
12.77
11.27
14.53
11.24
11.26
9.69
13.95
12.70
10.88
12.04
12.56
10.90
12.18
13.86
10.12
11.12
14.20
16.45
13.07
11.02
17.47
9.59
11.13
10.21
11.28
12.37
12.51
12.20
11.11
12.75
9.25
7.94
10.77
9.45
10.92
9.98
12.09
10.73
11.27
9.47
9.57
14.05
9.54
12.40
11.35
13.63
11.16
11.33
11.03
10.61
9.44
9.44
10.86
10.84
12.53
15.54
10.78
12.19
10.38
9.95
13.88
10.26
11.53
11.13
12.66
14.04
13.84
10.95
12.34
11.45
12.15
9.80
12.33
11.40
9.99
10.87
9.33
11.48
11.12
11.79
12.86
13.10
11.84
10.04
11.85
13.14
11.23
11.03
13.38
10.94
10.00
11.87
13.39
13.74
11.36
12.24
11.74
12.49
11.53
13.06
11.86
9.47
13.03
14.35
10.76
13.67
13.02
11.61
10.25
12.26
10.92
13.80
11.04
9.80
11.85
14.09
15.05
13.72
12.26
10.94
10.81
13.06
14.28
13.57
13.02
12.90
13.79
10.24
11.94
15.69
11.33
12.29
10.91
11.07
10.37
13.89
13.38
14.68
11.40
8.41
10.10
13.61
12.81
10.07
10.38
10.88
12.79
11.41
11.06
9.92
10.85
14.70
12.26
11.95
10.57
9.25
11.75
11.75
10.41
10.72
10.00
10.73
9.99
10.85
11.14
13.34
13.65
10.51
12.90
11.55
10.93
10.98
9.86
10.57
9.04
11.48
13.15
12.73
13.69
13.36
11.45
12.12
12.78
11.47
9.24
11.97
12.33
13.18
7.66
11.16
13.41
10.87
9.60
14.63
11.29
9.52
10.36
10.25
11.00
12.23
11.30
12.90
10.80
9.98
9.72
9.22
12.07
12.02
11.52
12.57
13.42
12.79
12.41
13.48
8.82
13.10
11.46
10.37
11.09
11.31
10.68
11.16
10.81
11.40
10.73
14.16
11.39
9.55
13.50
12.31
12.25
10.84
11.71
10.44
12.55
10.20
10.87
13.79
9.98
11.96
11.71
11.16
12.40
10.52
8.84
11.37
10.49
14.70
12.54
13.52
9.41
13.52
12.48
9.69
15.24
11.36
11.31
9.83
11.76
11.24
10.91
9.61
11.34
13.26
13.20
8.42
11.06
11.08
11.08
9.34
12.67
10.73
11.65
12.03
13.81
13.05
13.84
11.14
12.67
12.87
10.49
12.46
13.78
11.18
13.62
10.20
10.41
10.71
12.34
9.52
12.96
10.59
9.67
12.16
12.29
11.86
15.25
10.67
12.47
10.63
10.66
9.83
10.78
11.19
9.16
10.72
14.62
13.98
13.09
11.28
8.71
12.87
14.00
11.41
10.56
11.46
13.63
12.20
13.38
12.77
9.40
9.93
14.86
10.22
13.11
10.37
10.15
12.83
9.51
11.41
10.73
10.74
10.58
11.05
9.98
12.50
9.74
10.83
12.09
10.22
9.01
12.79
12.37
9.99
9.99
10.48
12.60
12.92
13.40
7.64
11.03
10.84
13.41
10.00
13.85
13.35
10.36
13.26
9.13
11.76
9.83
9.94
15.36
11.37
12.96
11.77
12.25
12.31
10.01
13.09
12.97
11.83
11.68
12.05
11.78
9.88
11.99
12.19
10.92
10.37
9.51
12.01
8.98
10.87
15.16
11.68
9.82
10.99
10.06
15.42
11.74
10.70
13.34
10.02
10.59
12.63
10.75
10.14
9.80
10.13
10.67
10.62
10.75
11.61
11.62
13.27
11.28
11.91
11.33
10.23
10.56
15.32
15.06
9.35
9.78
10.76
12.86
9.57
12.29
13.72
9.17
10.37
11.79
13.58
13.38
12.93
11.27
15.39
10.43
11.17
11.91
11.62
12.59
11.56
10.96
11.35
11.29
12.15
13.52
12.24
8.19
11.80
13.02
10.88
11.92
10.94
12.68
10.00
10.81
8.50
8.84
12.32
10.56
10.21
8.52
13.73
12.02
11.97
9.91
11.03
9.95
13.66
10.77
9.90
10.74
11.35
10.97
11.50
12.92
13.31
11.42
10.30
14.24
10.64
9.54
14.08
10.81
13.66
9.97
12.13
11.40
10.98
11.08
10.88
12.47
10.46
11.07
9.94
11.61
11.30
12.47
11.63
10.55
11.96
11.41
8.24
9.53
11.55
10.64
11.05
8.56
11.84
11.15
13.20
11.36
12.86
11.75
12.03
9.52
10.47
11.81
12.86
10.80
10.73
12.74
11.29
11.11
10.60
9.27
11.69
9.37
11.41
11.33
12.49
12.97
11.41
11.24
9.17
14.37
10.85
14.00
14.79
13.97
9.95
11.39
13.48
10.36
11.01
12.68
11.32
10.74
10.76
10.69
10.78
9.70
11.25
9.79
11.14
11.89
10.35
11.34
10.77
10.82
10.53
11.51
8.93
15.45
10.56
12.50
13.14
11.95
11.10
12.00
10.40
12.91
10.06
13.49
9.05
11.26
10.44
14.59
12.52
11.25
9.16
11.29
9.55
11.31
11.27
10.58
11.87
8.74
9.22
12.96
10.34
9.32
11.04
11.78
10.63
10.75
12.23
8.95
10.25
11.01
12.20
10.99
11.43
10.72
9.63
9.59
11.64
11.27
12.51
9.78
11.48
11.00
14.78
11.27
11.85
10.79
10.78
10.23
8.96
10.37
11.78
11.38
13.01
12.25
11.48
11.22
10.99
10.40
9.85
9.78
10.02
14.28
10.76
12.45
12.65
11.63
11.86
8.20
11.46
10.77
9.43
10.22
13.61
10.19
11.39
12.43
15.18
10.76
10.14
10.60
13.16
11.05
8.51
11.59
11.39
9.82
11.64
11.29
10.95
11.42
13.74
10.71
10.02
10.53
15.48
9.88
11.65
10.08
11.52
10.49
8.51
11.20
11.38
11.05
12.76
11.82
9.53
6.87
9.39
11.64
14.68
11.21
10.34
9.65
11.83
9.48
10.65
12.85
10.09
9.44
14.20
10.85
10.91
13.25
9.56
9.91
9.84
9.90
10.38
12.30
13.96
12.19
12.24
10.52
7.82
9.23
10.94
10.91
11.96
11.10
12.64
12.82
10.77
14.11
9.53
10.15
8.83
9.82
12.23
10.76
11.42
13.59
11.21
12.80
11.82
11.57
11.71
11.23
10.87
12.65
13.61
10.53
12.30
12.43
11.02
16.36
12.23
12.10
13.76
14.59
10.96
12.68
12.05
10.49
10.43
11.17
8.12
10.78
11.55
11.93
9.94
14.25
8.98
11.36
14.28
10.47
11.01
10.54
12.29
12.16
12.35
12.38
10.12
14.41
12.14
10.48
13.04
10.35
10.08
11.96
9.50
11.36
11.74
9.73
11.73
11.28
9.90
9.95
10.66
10.51
15.92
9.64
10.37
11.72
10.92
9.54
10.74
10.26
8.12
10.26
11.63
11.85
9.83
9.65
10.19
11.51
12.10
11.44
14.60
10.93
10.66
12.38
10.84
10.38
10.16
11.14
13.18
10.50
12.68
12.14
12.01
12.67
10.01
11.45
12.77
9.12
11.14
11.34
10.65
12.09
9.25
11.68
9.12
9.55
10.80
9.19
14.86
11.25
10.25
8.35
9.12
9.56
12.58
11.14
10.38
10.25
10.78
10.77
9.23
10.94
10.46
11.84
9.90
10.69
13.44
11.25
12.99
11.31
12.04
9.88
10.23
10.48
15.21
11.59
11.49
10.48
11.27
9.68
10.91
9.89
10.50
12.26
12.77
10.27
9.73
13.74
8.60
12.54
10.35
10.11
9.08
10.79
10.67
12.74
10.58
11.32
12.49
9.69
10.33
12.88
10.56
10.49
10.07
9.65
12.22
9.86
9.00
11.46
12.69
11.52
12.47
14.02
10.65
10.86
9.77
11.47
10.49
11.09
10.58
9.77
8.40
11.82
9.69
12.26
13.02
12.09
9.92
10.35
8.43
12.19
9.22
11.54
9.47
11.85
11.99
10.56
9.34
11.18
11.52
11.13
11.60
10.74
9.28
10.23
12.95
9.46
10.18
10.35
10.25
9.10
10.14
10.62
8.61
10.36
10.14
10.56
8.31
11.13
14.27
12.15
9.83
9.85
8.94
10.33
11.44
9.14
9.85
12.61
10.28
10.01
10.51
14.30
11.27
12.43
10.89
12.50
11.36
10.90
12.28
10.77
7.89
9.84
9.65
12.64
11.25
10.98
10.47
9.35
11.21
8.57
10.83
10.78
11.09
12.00
10.35
9.28
9.29
13.59
9.93
10.81
11.32
10.92
10.36
12.83
11.29
10.83
9.79
10.17
9.90
10.69
11.09
12.15
10.95
11.93
11.01
13.01
10.21
11.77
10.38
10.58
12.06
13.54
10.78
9.47
11.07
11.57
11.50
9.22
12.29
10.68
13.06
8.55
11.93
11.45
10.09
12.36
10.93
10.59
9.64
9.43
11.01
9.13
10.68
13.30
11.43
13.25
11.58
9.26
15.20
10.84
10.08
14.01
10.57
12.06
9.48
10.36
11.09
13.54
10.24
12.53
10.58
12.02
9.41
11.35
10.76
11.18
9.92
10.39
12.04
10.71
10.60
12.62
13.18
12.80
11.69
11.37
10.89
10.93
10.82
12.75
12.71
10.36
10.00
11.38
12.68
9.11
11.03
9.98
10.61
11.16
12.18
9.15
10.80
11.04
11.50
10.38
9.04
11.22
11.04
12.25
10.00
10.73
10.43
9.77
9.29
10.92
11.52
11.51
10.32
11.15
11.62
10.33
10.11
10.93
9.55
9.54
9.69
9.21
13.31
11.81
9.01
9.39
12.02
11.78
9.58
11.14
12.81
8.52
11.57
10.15
11.64
11.38
9.64
11.10
11.07
9.77
9.59
12.21
10.97
11.70
14.47
9.55
8.83
10.20
9.95
10.19
16.41
10.67
9.66
10.63
8.29
10.04
10.95
12.02
9.61
11.32
12.77
11.14
9.81
9.72
12.20
9.98
10.43
11.90
10.76
12.60
12.62
11.73
11.78
12.30
9.99
9.75
10.85
9.81
10.42
12.62
10.52
8.41
12.08
9.55
9.43
11.04
11.49
10.65
8.61
9.95
9.82
10.93
11.40
13.83
11.76
10.22
11.35
11.49
11.26
10.79
11.51
10.38
10.77
11.63
11.18
9.55
11.96
11.54
9.29
12.85
10.35
11.92
10.15
8.51
11.36
10.36
10.47
17.15
11.78
12.02
12.36
11.25
10.82
11.87
9.97
8.62
8.16
9.96
11.42
11.06
9.12
9.32
10.03
11.36
11.15
12.61
12.17
12.01
11.60
9.10
10.96
11.56
8.50
11.10
9.56
11.86
9.56
10.86
11.41
10.61
10.36
10.30
9.24
11.15
8.94
13.64
11.23
10.36
11.09
11.39
11.23
12.97
11.72
9.90
8.97
10.15
11.40
10.97
11.69
11.07
11.47
8.52
11.64
10.36
12.85
10.68
8.69
11.65
10.50
10.55
10.34
9.80
9.83
9.18
11.22
11.47
11.12
10.46
11.92
9.29
10.29
11.21
9.67
12.12
11.51
10.16
10.19
11.15
10.90
10.28
11.65
14.02
11.13
11.88
9.65
10.57
11.06
11.50
12.66
10.00
11.25
9.83
12.25
11.54
11.42
10.45
8.49
10.15
8.17
12.27
11.52
9.64
10.93
13.42
11.51
9.28
9.65
10.53
10.65
8.47
10.97
10.68
9.75
11.09
9.62
10.28
10.36
11.98
14.35
13.91
13.18
11.68
12.25
12.56
11.47
10.36
10.44
10.45
11.29
10.29
15.49
12.49
9.21
8.38
10.38
9.18
11.19
9.62
10.21
10.73
10.31
12.67
11.52
9.89
13.73
13.56
9.75
10.99
15.52
9.72
12.14
12.26
11.40
13.67
12.30
9.81
11.98
12.96
11.09
12.36
9.94
12.71
8.86
11.28
10.98
11.52
13.23
10.37
14.16
11.42
14.11
13.08
10.53
8.98
9.32
10.71
12.77
9.73
8.40
12.90
12.15
11.28
10.02
10.21
12.65
9.42
10.35
7.92
9.79
9.97
13.42
10.03
12.18
11.37
10.11
11.53
9.88
11.76
12.74
10.74
13.31
10.92
7.96
9.42
12.49
10.68
10.16
9.18
12.76
12.92
11.01
11.11
8.84
8.95
11.83
12.73
11.46
9.56
11.85
12.58
10.20
11.64
11.30
10.46
11.45
14.28
10.34
13.35
11.08
12.10
10.01
11.12
12.45
11.93
11.04
18.19
9.70
10.22
11.51
11.11
13.47
13.40
11.33
12.31
9.61
11.48
13.52
10.60
13.57
12.52
11.33
11.86
10.72
12.49
11.91
14.81
8.83
11.67
11.16
11.34
11.03
9.87
13.64
11.45
10.01
11.29
10.61
13.05
12.47
12.31
11.84
11.05
14.97
11.43
9.30
13.25
10.44
11.31
12.78
12.94
9.56
10.50
11.48
12.70
9.05
10.17
12.94
12.43
12.01
13.26
9.89
13.73
13.24
10.13
11.11
10.33
9.74
11.80
10.05
11.98
10.65
12.91
11.05
12.04
12.53
13.35
10.74
13.48
12.30
11.55
10.78
13.41
9.53
9.43
12.63
10.58
12.36
11.75
11.88
10.30
10.71
9.94
9.93
11.71
11.81
11.86
11.96
11.17
10.66
10.32
8.38
12.25
10.63
11.90
10.53
11.70
10.51
10.77
10.26
12.04
13.71
10.58
11.58
10.87
12.88
16.71
9.85
10.15
10.86
10.01
10.19
13.65
10.39
10.08
10.38
11.23
12.08
10.50
13.23
12.00
10.87
12.69
13.28
13.06
13.40
10.26
12.97
9.93
10.69
11.21
13.93
11.94
13.15
13.81
10.28
15.11
12.07
11.11
13.65
9.62
15.09
11.47
9.80
9.63
15.74
11.86
14.53
10.56
13.60
11.70
12.08
10.46
15.97
10.18
12.87
12.85
11.24
12.01
11.23
11.51
11.99
11.17
11.13
11.65
9.33
16.02
11.36
12.88
12.23
12.08
14.57
13.86
13.76
11.58
10.14
9.49
14.99
11.58
10.24
10.77
10.59
10.59
13.29
13.79
11.82
12.75
13.17
11.38
10.45
10.29
13.02
10.71
8.97
11.79
12.86
12.62
12.02
12.58
12.47
11.06
10.03
12.02
13.08
11.39
13.84
11.72
11.51
10.91
14.46
10.93
14.08
11.78
11.12
13.96
13.61
10.38
12.54
9.89
12.68
12.43
11.31
9.37
11.25
11.44
12.52
11.50
10.09
10.73
12.37
13.60
10.29
10.11
10.02
12.68
12.03
13.51
12.98
13.15
10.15
11.56
13.39
11.88
11.57
12.70
10.60
8.63
12.00
12.25
13.31
13.69
11.66
10.53
12.78
11.38
12.48
9.21
15.01
12.36
10.16
10.58
13.17
10.89
9.97
11.42
11.49
11.62
10.78
10.29
14.57
10.15
16.84
11.00
16.96
11.88
11.98
11.17
10.14
11.66
11.67
11.92
13.57
14.64
13.37
9.20
9.68
10.57
11.75
11.41
9.22
10.82
11.28
10.42
10.96
10.58
12.11
11.83
14.60
11.80
11.05
12.50
11.96
11.50
11.93
15.39
13.43
10.95
9.83
10.64
12.41
12.09
12.66
13.79
11.14
11.56
12.00
9.78
13.40
13.63
10.63
11.27
10.43
10.41
10.56
14.73
11.26
13.07
11.85
14.28
12.85
10.39
15.20
10.54
11.92
10.26
11.57
14.44
9.15
11.23
12.41
12.19
15.38
13.05
14.98
10.10
12.07
12.10
9.88
10.60
10.41
13.64
16.09
12.69
8.72
12.32
10.10
12.66
11.43
10.15
9.76
10.19
11.89
10.97
12.34
12.10
9.19
12.78
10.64
11.18
12.73
15.12
13.98
13.05
12.14
12.15
8.75
11.44
11.98
12.67
12.16
11.99
9.59
14.50
10.45
10.02
10.55
10.60
11.48
12.09
12.80
11.96
12.60
8.94
13.14
10.32
10.48
11.62
11.12
9.69
10.56
11.93
11.85
11.65
11.69
10.00
11.29
11.20
16.45
11.09
12.44
11.15
11.27
10.74
12.53
11.12
13.57
11.51
13.02
11.05
8.78
12.47
14.05
11.11
9.61
11.53
10.97
12.07
12.10
15.10
10.92
15.16
10.36
12.25
13.69
9.45
13.11
10.38
11.64
10.53
12.36
13.46
10.14
12.11
9.64
12.33
10.18
11.58
10.15
12.62
9.53
10.42
12.66
11.44
12.47
11.28
12.29
12.78
10.50
11.04
11.35
12.91
9.79
10.58
12.16
10.66
13.15
11.02
10.56
11.37
11.19
12.06
11.82
11.25
9.76
11.09
13.46
12.54
11.52
11.63
9.68
12.15
14.07
15.35
11.69
13.44
12.42
9.53
13.56
13.52
12.65
12.72
11.18
13.01
12.20
10.88
10.68
16.31
12.26
14.97
14.13
11.43
14.77
10.29
13.72
11.29
10.44
14.31
11.25
13.06
11.28
11.43
10.07
11.21
11.23
11.71
11.57
12.20
13.63
9.20
12.42
9.09
11.29
12.69
10.95
10.18
11.86
10.93
12.57
12.45
11.98
9.59
11.01
9.36
10.79
9.26
9.75
16.84
9.57
9.55
10.78
11.93
8.68
11.76
11.49
9.48
11.35
10.01
12.80
9.42
9.88
10.26
11.34
10.11
10.10
12.07
10.71
13.33
9.98
11.13
12.35
11.75
10.99
10.46
12.45
9.52
11.16
11.77
11.20
12.28
13.62
10.93
10.53
13.11
10.04
12.55
11.58
11.81
10.55
11.65
13.00
12.42
8.91
12.07
15.96
8.71
11.44
11.68
9.84
11.94
9.16
11.15
11.65
12.20
10.69
13.33
10.92
12.08
11.65
11.87
11.49
9.47
13.23
12.17
11.57
10.99
11.41
11.15
12.51
11.47
10.26
9.04
9.69
10.42
10.71
10.78
11.16
10.96
12.05
11.66
12.00
9.22
10.73
10.08
9.49
11.53
11.69
10.85
11.40
10.36
11.39
8.96
13.04
12.03
11.17
10.18
11.07
14.25
12.13
13.01
14.32
9.45
10.79
12.78
10.70
13.85
13.13
11.22
11.87
13.63
11.30
12.61
11.28
10.97
10.28
10.12
10.32
11.48
14.42
12.81
10.49
9.83
12.26
10.88
12.33
10.57
11.74
13.17
10.87
11.28
13.90
10.30
12.14
9.87
9.46
8.69
10.32
10.62
12.31
10.89
13.87
9.31
13.08
11.36
14.30
10.87
9.96
12.20
11.04
12.84
13.35
9.48
9.72
11.06
11.39
13.95
9.57
9.86
9.33
10.27
10.78
9.96
12.65
10.66
13.09
10.72
11.52
12.23
10.82
11.21
9.84
12.15
11.30
10.65
11.32
12.60
13.59
11.26
12.17
16.92
12.49
11.20
12.76
10.75
11.78
10.71
10.97
10.61
10.64
11.92
10.50
10.37
12.74
13.59
10.46
10.59
12.30
12.18
12.15
14.05
12.81
14.22
11.74
8.41
14.56
11.76
12.61
10.52
9.09
8.27
11.34
11.78
13.13
13.96
9.14
11.71
10.59
12.82
10.24
15.01
12.89
12.38
10.17
13.79
10.72
11.22
11.25
10.27
12.05
12.70
12.66
9.35
12.96
12.64
12.54
13.36
14.67
9.12
10.50
13.02
12.85
11.06
11.45
11.56
13.16
11.72
10.07
10.45
11.49
11.90
14.46
11.37
13.07
8.72
10.44
13.25
11.88
11.93
10.99
11.11
11.87
12.01
11.33
11.62
14.69
11.42
9.93
11.78
9.66
11.78
9.55
11.46
14.12
9.50
12.42
13.49
10.54
11.82
13.85
10.26
11.45
12.20
9.11
10.47
9.79
11.46
11.04
9.80
11.82
10.81
10.93
11.80
13.21
9.56
12.81
11.72
11.25
12.90
10.70
11.13
10.69
10.38
11.39
11.29
9.97
10.43
12.22
10.31
9.45
13.15
11.81
10.01
12.17
10.76
10.51
13.27
11.33
10.59
11.55
11.89
11.31
11.64
12.00
10.06
11.69
13.66
12.42
16.02
10.90
12.06
12.43
12.67
10.52
10.21
13.11
11.64
11.34
10.89
10.90
11.03
11.65
11.76
11.01
12.19
13.39
13.05
10.94
10.09
13.01
12.45
12.53
10.44
8.26
9.81
12.38
13.87
11.38
11.34
12.66
11.81
9.49
11.17
10.43
11.40
11.50
11.03
12.74
10.99
11.53
9.94
11.21
9.95
13.13
10.24
10.09
8.86
11.16
11.86
12.95
10.43
12.05
11.48
10.60
13.82
11.07
11.68
10.34
12.92
13.22
12.00
12.13
12.18
9.52
10.83
9.96
10.24
11.38
11.11
13.08
11.56
12.28
10.54
12.74
9.45
11.44
10.86
12.37
12.02
11.07
10.76
11.71
8.42
9.02
10.27
13.02
10.60
11.76
12.96
11.80
11.34
11.29
10.37
8.89
9.40
11.24
11.31
9.30
11.86
13.03
10.46
10.49
10.52
9.95
11.65
12.06
12.02
13.23
10.08
12.06
12.40
11.53
11.25
11.03
13.31
12.96
11.88
11.07
10.33
11.64
11.34
10.13
11.75
11.01
9.40
11.15
12.42
12.11
9.55
12.57
10.80
10.54
11.20
12.00
12.49
11.74
11.91
12.94
12.33
11.76
12.41
10.62
14.14
10.39
11.99
12.70
12.78
10.46
9.32
8.92
10.67
11.82
9.63
9.32
9.97
11.90
11.45
10.96
12.85
13.72
10.58
12.69
10.78
11.36
12.82
12.07
9.99
12.64
10.57
12.44
9.09
9.99
6.80
10.19
13.01
11.47
12.78
10.80
11.93
10.31
10.36
8.78
10.65
11.00
11.99
12.57
12.30
11.19
12.47
13.01
10.30
12.31
10.81
12.12
11.19
10.30
9.31
12.01
13.19
9.73
12.36
10.99
9.19
13.80
10.97
10.08
13.12
12.55
11.62
8.52
9.35
12.50
9.64
10.19
11.74
12.39
11.62
9.13
10.72
12.18
11.77
13.00
12.27
11.33
9.94
13.18
12.03
9.50
10.66
11.82
10.18
8.17
10.05
8.27
12.06
12.34
11.61
11.50
8.77
8.99
13.24
10.54
11.30
11.45
13.85
10.47
10.73
11.65
12.29
11.05
10.25
13.09
10.70
11.82
10.02
13.32
12.15
10.67
11.25
11.56
11.57
10.54
10.80
9.05
9.57
13.73
9.29
12.05
11.82
9.81
12.39
11.26
10.46
10.71
11.67
12.34
8.93
10.87
7.65
10.46
9.67
10.22
9.94
11.24
11.40
12.46
9.41
10.95
13.79
10.99
9.78
9.08
12.53
9.83
10.84
9.11
10.27
9.65
11.58
12.53
9.26
11.10
10.65
11.51
10.48
10.96
10.99
9.82
9.96
9.33
12.03
10.02
11.07
10.35
10.04
11.02
11.89
11.03
11.48
14.34
11.69
11.28
10.49
10.24
9.45
13.88
11.01
13.48
11.86
10.47
12.91
10.69
9.48
9.71
9.74
9.30
11.73
10.75
10.39
11.27
14.26
11.07
10.89
10.34
12.24
11.86
10.59
9.81
11.25
10.59
10.72
9.77
12.37
12.51
9.37
12.54
11.12
10.25
10.13
13.30
13.73
12.71
11.71
11.58
14.76
9.40
13.17
11.44
12.07
10.54
10.77
9.51
9.79
14.48
10.83
10.20
11.99
10.84
11.62
11.86
12.92
10.53
9.44
11.14
9.88
9.93
9.65
12.37
11.81
9.72
10.00
11.93
11.28
15.03
13.11
8.40
10.49
10.22
11.53
9.63
12.79
11.13
13.44
11.93
12.55
10.39
12.88
10.14
10.84
12.91
9.98
9.24
9.63
14.11
9.23
12.37
10.47
10.81
12.55
11.20
8.36
10.20
9.12
7.69
13.23
10.02
11.56
7.85
9.83
8.58
13.42
12.80
11.44
9.58
10.34
9.68
11.59
11.24
12.16
9.62
11.00
11.40
12.27
11.35
9.43
9.84
10.46
9.75
9.45
10.79
10.19
11.35
8.09
12.80
9.93
10.69
11.85
10.70
11.14
10.24
11.18
7.20
13.74
11.83
11.03
10.52
9.89
8.89
11.07
11.92
11.57
10.31
10.19
12.12
11.29
10.11
10.59
11.99
9.46
10.26
10.89
10.37
12.00
9.39
10.51
11.94
11.06
10.57
10.21
11.34
12.73
11.73
14.26
9.40
8.42
11.72
10.67
12.20
11.27
12.14
12.04
10.72
12.53
9.77
12.29
13.67
9.84
7.84
10.47
14.07
11.41
9.72
8.70
12.03
11.16
13.07
11.59
9.93
9.76
10.94
10.89
12.92
12.28
11.40
10.68
10.57
8.62
10.69
11.31
11.58
11.97
11.43
10.91
7.23
12.02
13.04
9.89
9.85
11.07
12.26
11.87
12.84
10.92
11.60
10.38
11.52
12.89
9.13
10.84
12.10
12.45
11.98
8.67
9.33
10.29
10.38
10.67
9.83
11.63
10.99
11.11
10.90
15.68
10.93
12.28
11.65
11.07
13.39
11.04
11.42
10.98
10.22
12.45
10.74
13.02
11.13
14.08
9.91
9.67
11.19
10.70
13.39
11.26
11.91
10.40
10.94
16.01
11.38
9.70
11.82
11.24
11.00
9.92
12.38
8.82
11.48
11.35
11.97
11.77
9.80
11.26
12.36
9.25
10.14
11.83
9.02
13.12
11.01
12.56
9.92
11.90
11.87
10.98
14.89
9.20
9.91
12.15
11.31
11.68
12.52
10.33
11.63
10.52
9.18
13.66
11.21
11.37
11.17
10.50
9.52
10.91
12.68
9.68
12.32
12.89
9.50
9.41
10.46
11.26
6.85
12.34
12.94
9.74
12.17
10.13
9.36
11.46
12.47
12.57
11.21
10.76
12.29
12.95
9.90
10.35
11.40
10.15
10.46
11.32
12.65
10.97
12.54
13.85
12.39
10.79
11.03
10.50
10.22
11.52
9.45
10.78
12.49
10.75
12.11
10.73
9.50
8.45
11.90
12.34
11.42
9.20
12.72
9.41
12.73
11.59
9.58
12.37
12.73
8.44
9.16
10.20
11.57
10.60
12.37
9.87
10.67
10.72
11.43
11.21
10.28
13.77
11.14
11.32
11.31
10.17
11.18
9.95
9.96
9.46
12.55
8.91
12.08
9.95
13.07
11.32
14.41
9.89
10.61
11.35
12.72
12.61
13.63
11.96
13.16
12.02
11.45
9.46
12.19
13.31
13.79
11.91
11.41
10.58
10.52
12.76
11.51
10.65
11.59
14.02
11.65
10.41
12.20
10.59
11.76
13.14
9.89
11.49
10.41
10.82
10.75
9.98
11.37
11.04
11.34
12.10
11.89
11.90
12.24
12.67
10.14
11.92
12.80
11.90
10.58
12.13
10.93
10.81
13.43
11.75
9.70
11.25
11.47
12.87
10.26
11.21
13.06
9.95
9.65
11.43
11.46
11.60
10.48
10.83
12.51
10.14
11.09
11.63
8.52
11.69
11.37
12.04
9.32
10.16
10.73
11.37
12.21
11.70
11.04
15.02
10.61
8.98
12.76
12.04
12.79
13.01
15.01
12.18
10.51
9.94
13.71
13.67
11.26
11.71
10.00
10.61
10.25
11.48
11.16
11.92
12.54
11.07
17.22
10.20
11.51
11.71
12.67
14.06
11.42
12.71
10.50
12.69
8.99
12.40
12.59
11.13
10.35
10.96
11.17
10.60
13.06
11.44
11.86
14.42
11.47
9.32
11.45
10.88
10.46
12.36
11.74
10.39
11.94
11.91
9.03
11.10
11.32
10.70
9.55
11.44
10.11
10.02
12.46
11.14
11.25
11.44
9.92
9.85
10.65
11.79
10.45
9.66
8.64
11.23
9.99
11.31
10.18
10.31
10.91
9.83
10.97
11.28
8.87
12.24
11.00
11.44
9.69
12.11
10.48
9.81
11.73
11.64
11.10
9.77
13.32
11.21
10.46
10.11
10.28
8.78
10.02
10.00
10.95
8.31
13.49
11.60
9.29
10.18
10.93
11.15
12.47
9.09
9.67
9.96
10.84
11.29
12.31
8.92
9.49
10.52
11.42
10.53
8.21
11.60
10.65
10.45
12.61
14.22
13.89
11.66
11.67
12.00
11.93
12.49
9.75
13.32
10.09
11.41
10.28
11.10
10.39
13.10
13.62
8.61
12.54
11.15
10.27
12.03
11.34
13.06
10.06
11.18
12.31
11.25
12.71
14.19
13.03
11.59
11.68
10.34
10.66
10.26
11.85
11.04
11.46
10.45
12.04
12.01
13.74
9.11
9.66
11.98
11.20
12.56
9.29
12.07
12.64
12.31
11.16
12.23
10.08
10.61
11.38
12.95
11.27
10.95
13.71
11.75
13.80
13.20
11.09
7.20
11.83
13.99
11.98
12.17
13.17
10.48
11.44
11.21
13.79
9.32
10.97
8.86
12.52
10.44
12.54
10.99
12.27
12.27
13.06
11.22
8.60
11.39
9.88
10.10
12.44
12.50
10.77
11.19
13.15
9.12
9.60
8.80
9.45
11.45
10.50
8.75
11.11
11.89
10.29
13.39
12.68
11.37
9.35
11.89
9.59
11.94
12.70
12.78
11.70
9.83
11.49
9.07
10.90
11.64
13.99
9.84
10.17
11.91
12.43
12.70
10.73
10.66
13.77
9.25
8.73
12.64
10.71
12.20
10.84
12.94
12.47
10.95
9.73
9.81
12.70
13.26
10.80
7.78
10.52
10.98
11.52
10.96
11.97
9.52
12.77
13.08
10.85
12.88
12.12
10.43
11.50
11.75
9.39
9.25
12.85
9.37
11.62
10.04
11.67
11.16
12.04
11.88
11.18
7.60
10.13
10.38
11.27
11.30
12.06
10.67
10.95
11.69
10.20
10.93
11.44
11.27
11.51
10.93
11.25
12.02
11.49
9.82
12.53
13.58
9.93
11.94
12.67
10.10
10.02
12.30
12.00
11.98
11.35
10.83
13.11
13.34
12.09
12.85
10.62
10.18
8.53
13.05
9.74
10.52
13.06
8.54
9.95
9.88
11.26
9.29
9.83
9.80
12.07
10.93
12.65
9.24
11.46
11.00
11.80
10.12
12.51
10.65
12.58
11.59
10.90
11.67
12.50
11.51
10.32
11.77
10.31
8.25
13.97
11.58
9.23
12.92
11.74
11.29
13.68
10.60
11.17
10.32
10.44
12.41
11.64
10.17
9.19
11.74
8.69
8.13
12.26
12.84
8.97
13.45
8.96
11.96
10.66
8.43
10.99
9.09
11.02
10.75
9.93
12.24
11.19
12.04
10.84
8.44
9.39
10.73
8.77
10.28
11.05
11.71
12.63
11.10
12.51
10.87
12.99
11.66
11.93
12.37
14.33
10.82
12.80
12.08
11.94
10.60
12.84
11.18
11.75
13.67
10.00
10.20
8.79
11.87
10.99
13.88
9.04
12.34
11.86
10.19
9.71
9.54
9.29
10.79
10.97
11.88
9.62
9.26
12.88
11.55
11.52
11.10
8.75
9.44
10.42
12.41
11.58
12.31
11.13
10.15
10.57
11.37
10.92
11.79
10.09
12.54
11.14
10.23
9.51
10.65
12.62
11.11
11.06
12.42
11.92
10.29
11.04
13.79
9.88
10.18
12.70
9.63
10.09
11.39
10.88
9.35
11.25
12.95
10.85
11.56
13.41
12.49
11.98
11.11
8.87
10.35
10.79
10.26
11.44
10.46
10.45
9.98
10.64
10.46
10.82
12.09
11.50
8.72
11.66
12.74
11.10
8.70
12.46
9.87
13.14
10.35
10.70
12.10
9.59
12.21
11.97
11.05
11.20
13.16
11.59
9.62
9.64
9.71
11.16
11.02
10.65
13.09
11.06
11.74
12.23
8.67
8.12
9.88
10.09
11.75
14.04
13.44
9.71
10.31
11.34
11.78
11.11
9.83
13.88
11.73
11.72
11.04
8.26
13.75
10.44
11.15
8.47
16.28
11.24
7.87
13.36
10.90
10.32
13.19
11.99
10.05
9.98
10.14
10.96
10.48
12.54
11.41
12.47
11.84
10.90
11.09
10.18
11.06
10.35
9.55
10.10
10.00
10.12
11.80
11.52
10.40
10.73
14.40
11.32
10.16
14.41
11.41
11.02
8.72
9.00
13.38
11.61
12.10
10.07
12.52
10.13
11.89
11.80
11.25
11.13
10.83
11.74
12.65
10.89
10.86
12.42
10.46
11.15
11.56
10.37
11.29
12.54
10.64
10.20
10.11
10.87
10.72
10.19
9.94
9.35
10.42
11.35
10.46
9.72
10.46
12.60
10.29
11.70
11.21
11.98
10.48
11.76
10.97
11.22
9.84
11.40
11.77
11.73
12.41
10.83
11.54
8.45
9.86
10.66
12.28
10.91
11.73
12.44
11.24
9.63
11.03
9.36
11.50
9.62
9.23
12.04
11.95
10.26
12.20
10.85
10.90
10.47
10.44
11.62
11.32
9.51
9.77
10.59
9.29
9.58
11.40
10.74
9.63
9.13
11.11
9.79
9.77
9.08
10.69
9.25
12.40
11.11
8.08
12.09
9.20
9.96
10.38
13.42
9.97
10.75
10.83
12.46
10.09
9.56
9.94
12.93
12.00
14.02
10.26
9.92
10.28
11.60
10.60
12.21
13.37
10.67
13.13
14.46
11.87
9.15
9.44
11.46
10.36
10.89
8.83
9.96
10.04
10.39
9.13
10.75
9.71
10.31
12.44
12.27
10.45
9.63
12.78
10.31
11.90
10.29
11.19
10.36
12.78
10.25
11.93
11.70
10.13
8.86
11.16
13.17
12.01
10.89
11.30
11.36
12.55
12.82
12.31
11.64
9.88
10.75
10.93
11.88
11.17
10.88
9.24
11.29
10.50
9.60
10.96
10.79
10.46
10.53
9.18
9.89
12.37
11.80
10.56
10.94
10.34
11.39
10.58
9.67
11.51
9.62
12.72
10.46
10.11
10.37
13.16
13.65
10.29
10.64
9.46
11.28
8.44
10.88
8.88
10.20
9.28
9.71
13.62
10.36
9.10
12.77
10.65
10.05
9.60
11.56
9.90
9.28
9.69
12.85
9.54
10.09
11.04
10.50
10.47
10.55
9.80
10.16
11.21
10.36
12.24
10.99
12.86
10.43
10.75
13.86
8.02
12.48
11.94
7.90
11.20
10.74
12.65
13.06
10.20
10.82
10.50
9.91
13.75
9.22
10.82
11.66
10.13
9.37
11.61
11.63
11.33
11.90
10.55
11.03
11.47
12.42
12.77
11.07
11.30
10.42
12.08
12.52
11.59
9.51
10.23
11.15
10.57
9.88
12.23
12.89
11.37
9.24
9.52
8.21
12.86
10.19
9.21
7.93
9.90
10.81
9.76
10.74
12.46
10.39
11.27
9.38
10.13
12.22
10.39
8.55
12.66
11.60
12.10
8.92
11.15
10.32
9.52
11.36
12.59
10.92
12.02
10.35
10.27
11.11
9.30
13.30
12.44
11.22
10.55
10.37
9.87
8.67
11.25
12.36
10.71
11.36
13.50
11.66
11.69
11.90
9.82
13.03
13.49
9.58
9.88
13.22
10.61
9.28
13.97
11.41
8.55
9.40
9.76
11.71
10.99
12.06
9.09
10.42
8.47
9.65
9.82
10.99
12.02
10.23
9.18
10.64
9.66
10.56
10.02
10.13
12.90
10.59
11.25
8.60
10.31
10.42
9.93
11.71
11.67
11.23
10.13
11.52
10.44
10.35
10.53
12.06
13.48
9.85
10.73
12.11
12.40
10.40
11.12
11.90
14.31
12.07
10.12
9.85
7.86
11.05
10.84
10.17
11.01
11.11
9.73
11.83
10.68
11.35
11.49
9.77
12.90
11.90
11.41
11.17
13.35
12.02
10.61
13.64
11.67
10.71
10.77
12.05
11.49
11.32
10.80
10.61
10.28
14.19
11.29
9.31
11.17
12.54
8.95
10.84
14.13
13.14
12.26
9.43
11.94
10.60
14.06
12.41
13.69
12.96
11.74
11.34
9.52
11.15
13.52
11.40
14.88
11.65
10.54
12.90
14.29
13.41
11.61
9.75
9.88
11.86
10.51
9.43
9.75
12.01
12.49
13.06
11.61
12.12
11.96
10.80
12.25
11.32
9.44
9.82
11.89
9.95
10.76
10.61
10.47
11.52
11.03
9.87
10.36
10.55
10.84
9.75
14.76
10.92
11.40
10.17
9.26
11.46
10.40
10.57
10.69
10.23
10.12
9.68
11.06
11.52
9.20
10.07
14.85
10.66
12.61
13.26
11.36
10.26
12.45
11.83
9.19
11.23
11.60
9.30
9.61
11.14
10.93
12.14
11.60
7.48
14.45
11.72
10.82
12.09
10.53
12.77
12.21
11.30
10.11
10.01
11.41
13.07
14.58
10.05
9.25
10.85
12.24
10.15
9.61
11.56
13.58
9.77
12.26
12.26
11.50
11.39
12.53
9.61
13.03
8.79
13.86
9.34
11.27
10.94
10.21
10.86
13.46
12.61
11.51
10.81
11.50
12.93
11.33
12.97
11.98
10.86
8.95
12.02
10.97
13.31
9.15
12.70
11.89
10.65
9.44
11.82
9.55
10.67
9.55
10.35
8.67
11.29
10.44
12.24
11.47
10.60
10.02
8.71
11.37
11.14
14.27
13.02
11.94
11.54
10.77
10.63
12.48
11.83
9.27
8.75
13.75
11.93
11.32
10.53
10.20
10.42
10.61
10.67
13.33
14.27
11.26
15.19
10.86
11.27
10.13
10.83
10.86
9.49
9.57
12.98
12.19
9.10
9.95
11.18
10.88
11.88
9.79
12.14
12.09
10.20
10.76
10.14
12.47
12.49
11.80
10.86
12.77
11.92
12.64
11.26
13.80
12.64
9.52
11.73
12.77
10.77
11.59
11.61
10.21
11.69
11.81
12.06
9.21
9.67
10.62
12.55
8.70
11.37
10.37
9.34
11.46
11.56
10.60
11.25
9.58
9.71
10.10
11.61
12.88
12.19
11.05
9.09
8.98
13.62
10.90
11.85
10.49
10.56
8.67
8.13
11.10
11.46
11.49
9.22
10.93
10.55
10.76
9.66
9.75
10.83
11.59
9.11
11.83
11.36
8.09
12.34
9.78
11.82
11.24
10.54
12.55
10.55
11.53
12.19
11.13
11.15
13.42
12.86
10.68
12.14
9.31
11.86
10.69
10.20
10.11
9.85
10.55
9.79
10.66
10.78
11.94
11.62
11.89
9.49
8.44
10.38
9.87
11.18
11.31
11.40
11.74
9.01
12.82
11.60
11.52
9.74
11.04
9.76
10.32
11.52
10.05
9.85
13.24
9.73
10.35
11.35
12.66
8.70
9.89
10.85
10.11
9.99
10.15
10.63
12.08
12.69
10.06
11.01
12.60
10.70
13.09
9.40
10.85
11.09
9.93
10.33
9.08
12.62
9.36
9.77
11.58
11.64
10.53
8.76
10.53
10.64
9.75
9.29
7.89
11.64
9.64
10.35
10.67
11.83
12.26
8.99
10.67
8.01
11.12
9.56
13.93
12.17
10.38
11.11
9.68
9.67
10.59
12.02
12.60
10.91
9.53
12.64
7.44
11.26
10.31
11.56
13.06
14.36
10.01
10.01
12.01
9.07
11.33
10.88
10.97
14.20
9.77
12.62
12.90
12.04
11.20
10.41
9.80
13.51
11.44
10.94
11.08
9.45
11.61
9.62
12.60
9.97
10.74
10.94
10.73
11.82
9.39
12.75
9.37
10.58
11.16
12.33
9.64
8.73
8.73
10.96
8.99
10.77
9.15
10.82
12.17
11.23
11.31
9.11
10.46
11.82
8.63
10.98
11.59
10.80
9.56
8.20
12.02
12.35
10.62
12.03
10.46
11.62
11.44
14.32
10.60
10.39
13.94
10.14
8.44
11.22
11.21
10.16
10.89
9.30
11.70
10.79
9.56
10.51
12.17
8.42
8.88
10.43
10.92
12.02
8.22
10.08
9.66
9.83
10.50
9.45
10.54
8.77
12.07
12.57
9.51
9.52
10.66
8.42
10.96
8.79
10.82
10.55
9.98
12.86
13.83
10.24
9.96
13.12
12.29
11.26
9.32
12.64
10.35
10.10
12.38
10.80
10.31
9.43
11.19
9.88
10.93
11.87
11.06
11.55
12.20
11.26
11.76
11.15
10.04
8.96
12.39
10.70
13.38
10.79
7.11
10.07
12.53
12.99
9.14
10.26
12.12
11.69
9.86
10.63
11.92
12.05
10.43
9.89
12.37
12.32
12.08
11.03
9.97
10.94
12.04
13.01
10.90
10.55
10.97
9.30
9.22
12.93
12.58
10.01
9.30
10.22
10.80
9.42
10.77
13.73
9.17
10.44
11.01
11.60
10.82
11.82
10.62
11.89
9.69
8.89
8.84
10.96
11.43
11.04
9.39
9.91
10.83
10.75
9.53
10.37
10.41
10.20
11.43
11.73
11.15
9.69
8.32
10.22
9.53
11.83
10.06
11.48
11.78
10.66
9.80
11.75
11.51
8.11
10.44
12.59
10.38
9.28
11.03
10.27
11.74
13.04
9.81
11.09
11.17
12.96
11.88
10.35
10.47
10.34
12.69
11.84
10.79
9.79
10.94