13.04
13.97
10.45
9.29
11.21
11.88
11.07
9.37
9.16
12.19
10.78
9.06
10.14
10.10
12.18
11.12
10.67
10.10
10.20
13.10
13.19
12.11
11.24
11.15
10.75
10.23
11.57
10.57
11.28
10.85
11.23
11.40
11.45
10.34
11.33
8.31
11.60
11.26
11.38
10.00
10.60
12.32
9.17
10.47
13.67
11.05
9.48
12.87
13.16
12.79
9.70
12.16
9.72
12.28
11.46
12.17
10.13
10.47
16.45
9.79
9.51
10.81
10.91
10.40
10.08
12.43
10.68
9.74
9.08
9.26
11.51
10.66
8.60
10.66
11.60
11.56
9.73
11.76
10.94
10.38
10.46
12.27
13.03
11.33
9.09
11.25
11.47
8.96
8.15
9.84
11.03
11.65
12.03
11.43
8.85
11.35
12.17
10.13
11.49
8.96
9.50
11.01
11.07
9.71
9.36
11.14
9.40
9.56
9.09
10.92
11.40
11.64
9.38
10.76
12.87
10.71
11.06
13.38
7.36
10.71
11.13
9.86
12.55
10.15
9.91
9.27
13.17
10.90
12.32
11.85
11.95
10.45
11.69
9.76
10.17
11.06
12.89
10.50
10.16
11.67
13.45
10.12
11.74
8.91
11.40
10.06
10.53
12.93
11.94
13.23
11.94
12.72
11.89
10.24
13.29
11.93
10.81
11.20
15.18
9.10
11.12
12.17
9.56
12.15
11.60
11.15
10.23
9.77
7.56
9.26
12.01
8.25
10.60
8.33
8.49
9.23
11.96
11.81
11.31
12.13
10.48
10.44
10.51
11.36
10.22
11.48
10.24
8.84
13.85
12.01
8.35
11.36
13.83
9.37
11.55
9.41
13.91
13.00
10.75
9.14
11.57
12.21
9.63
9.39
10.87
11.54
9.06
10.66
9.00
10.20
11.19
9.65
10.99
13.82
9.62
12.06
9.85
11.97
9.81
10.90
9.99
15.17
11.91
10.70
12.82
11.17
10.67
11.54
12.43
11.48
11.12
10.98
9.57
10.20
11.27
11.51
11.40
9.25
11.40
9.73
10.48
8.90
12.46
11.88
9.69
10.75
10.66
9.87
11.51
12.73
11.66
10.75
9.43
8.13
12.87
13.52
10.48
11.09
11.31
10.40
11.52
9.69
13.31
8.79
9.80
11.20
13.09
9.83
10.99
10.50
11.26
9.85
13.08
13.95
9.56
11.74
8.95
9.12
10.00
10.87
10.28
12.55
12.86
12.05
11.76
13.07
11.16
11.78
9.55
9.08
10.45
10.07
11.52
10.82
11.07
11.23
9.62
9.39
13.26
11.81
11.86
10.46
11.67
10.58
11.92
11.39
9.92
9.10
12.33
8.76
10.01
9.94
10.99
9.39
11.19
12.07
10.87
9.76
11.30
11.55
10.98
9.25
12.22
13.14
9.89
8.99
13.40
9.34
11.09
10.87
13.62
11.42
11.14
11.24
13.44
13.31
11.98
10.61
10.14
11.36
11.62
11.62
10.07
10.21
9.79
12.48
8.78
7.07
12.03
12.03
11.75
13.92
9.07
11.85
10.53
10.87
10.06
10.85
10.33
11.16
10.93
12.78
11.20
10.63
12.45
10.14
9.71